                             [38;2;66;66;66m:[38;2;66;66;66m:                             [0m
                         [38;2;47;47;47m.[38;2;116;116;116m=[38;2;157;157;157m*[38;2;148;148;148m+[38;2;91;91;91m-[38;2;91;91;91m-[38;2;147;147;147m+[38;2;157;157;157m*[38;2;118;118;118m=[38;2;47;47;47m.                         [0m
                      [38;2;79;79;79m-[38;2;143;143;143m+[38;2;158;158;158m*[38;2;125;125;125m=[38;2;56;56;56m: [38;2;36;39;44m.[38;2;94;102;113m-[38;2;95;103;114m-[38;2;38;40;45m. [38;2;55;55;55m:[38;2;125;125;125m=[38;2;157;157;157m*[38;2;144;144;144m+[38;2;79;79;79m-                      [0m
                  [38;2;41;41;41m.[38;2;112;112;112m=[38;2;155;155;155m*[38;2;152;152;152m+[38;2;93;93;93m-  [38;2;61;67;76m:[38;2;118;129;146m+[38;2;176;191;215m#[38;2;209;227;254m%[38;2;212;229;255m%[38;2;213;230;255m%[38;2;215;231;254m%[38;2;184;197;216m#[38;2;125;134;146m+[38;2;66;70;77m:  [38;2;92;92;92m-[38;2;151;151;151m+[38;2;155;155;155m*[38;2;112;112;112m=[38;2;42;42;42m.                  [0m
               [38;2;74;74;74m:[38;2;140;140;140m+[38;2;157;157;157m*[38;2;129;129;129m+[38;2;61;61;61m: [38;2;30;34;39m.[38;2;85;94;108m-[38;2;140;155;178m*[38;2;191;211;241m%[38;2;204;225;255m%[38;2;206;226;255m%[38;2;208;227;255m%[38;2;210;228;255m%[38;2;212;229;255m%[38;2;213;230;255m%[38;2;215;231;255m@[38;2;217;232;255m@[38;2;219;233;255m@[38;2;221;234;255m@[38;2;210;222;241m%[38;2;157;165;178m*[38;2;96;101;109m-[38;2;35;37;39m. [38;2;60;60;60m:[38;2;128;128;128m+[38;2;156;156;156m*[38;2;140;140;140m+[38;2;76;76;76m:               [0m
           [38;2;33;33;33m.[38;2;102;102;102m=[38;2;155;155;155m*[38;2;154;154;154m*[38;2;98;98;98m-[38;2;29;29;29m. [38;2;54;61;71m:[38;2;107;120;141m=[38;2;161;181;210m#[38;2;197;220;254m%[38;2;199;222;255m%[38;2;201;223;255m%[38;2;203;224;255m%[38;2;204;225;255m%[38;2;206;226;255m%[38;2;208;227;255m%[38;2;210;228;255m%[38;2;212;229;255m%[38;2;213;230;255m%[38;2;215;231;255m@[38;2;217;232;255m@[38;2;219;233;255m@[38;2;221;234;255m@[38;2;222;235;255m@[38;2;224;236;255m@[38;2;226;238;255m@[38;2;227;238;254m@[38;2;189;198;211m#[38;2;102;107;113m=  [38;2;29;29;29m.[38;2;97;97;97m-[38;2;154;154;154m*[38;2;154;154;154m*[38;2;104;104;104m=[38;2;33;33;33m.           [0m
        [38;2;65;65;65m:[38;2;133;133;133m+[38;2;159;159;159m*[38;2;137;137;137m+[38;2;70;70;70m:  [38;2;76;87;103m-[38;2;128;146;173m+[38;2;178;202;238m#[38;2;192;217;255m%[38;2;194;218;255m%[38;2;196;219;255m%[38;2;197;220;255m%[38;2;199;222;255m%[38;2;201;223;255m%[38;2;203;224;255m%[38;2;204;225;255m%[38;2;206;226;255m%[38;2;208;227;255m%[38;2;210;228;255m%[38;2;212;229;255m%[38;2;213;230;255m%[38;2;215;231;255m@[38;2;217;232;255m@[38;2;219;233;255m@[38;2;221;234;255m@[38;2;222;235;255m@[38;2;224;236;255m@[38;2;226;238;255m@[38;2;228;239;255m@[38;2;229;240;255m@[38;2;229;239;253m@[38;2;73;76;80m: [38;2;37;47;63m.[38;2;58;80;114m-[38;2;20;28;40m. [38;2;69;69;69m:[38;2;136;136;136m+[38;2;158;158;158m*[38;2;133;133;133m+[38;2;65;65;65m:        [0m
     [38;2;71;71;71m:[38;2;152;152;152m+[38;2;155;155;155m*[38;2;107;107;107m=[38;2;38;38;38m. [38;2;44;51;62m.[38;2;94;109;131m=[38;2;144;167;201m*[38;2;183;210;252m%[38;2;187;214;255m%[38;2;189;215;255m%[38;2;190;216;255m%[38;2;192;217;255m%[38;2;194;218;255m%[38;2;196;219;255m%[38;2;197;220;255m%[38;2;199;222;255m%[38;2;201;223;255m%[38;2;203;224;255m%[38;2;204;225;255m%[38;2;206;226;255m%[38;2;208;227;255m%[38;2;210;228;255m%[38;2;212;229;255m%[38;2;213;230;255m%[38;2;215;231;255m@[38;2;217;232;255m@[38;2;219;233;255m@[38;2;221;234;255m@[38;2;222;235;255m@[38;2;224;236;255m@[38;2;226;238;255m@[38;2;228;239;255m@[38;2;229;240;255m@[38;2;231;241;255m@[38;2;202;209;221m%  [38;2;104;140;194m+[38;2;128;178;254m*[38;2;105;147;210m+[38;2;70;98;139m-[38;2;35;48;68m. [38;2;37;37;37m.[38;2;107;107;107m=[38;2;155;155;155m*[38;2;152;152;152m+[38;2;71;71;71m:     [0m
     [38;2;227;227;227m%[38;2;47;47;47m. [38;2;54;64;79m:[38;2;113;134;164m+[38;2;162;190;232m#[38;2;180;210;255m%[38;2;181;211;255m%[38;2;183;212;255m%[38;2;185;213;255m%[38;2;187;214;255m%[38;2;189;215;255m%[38;2;190;216;255m%[38;2;192;217;255m%[38;2;194;218;255m%[38;2;196;219;255m%[38;2;197;220;255m%[38;2;199;222;255m%[38;2;201;223;255m%[38;2;203;224;255m%[38;2;204;225;255m%[38;2;206;226;255m%[38;2;208;227;255m%[38;2;210;228;255m%[38;2;212;229;255m%[38;2;213;230;255m%[38;2;215;231;255m@[38;2;217;232;255m@[38;2;219;233;255m@[38;2;221;234;255m@[38;2;222;235;255m@[38;2;224;236;255m@[38;2;226;238;255m@[38;2;228;239;255m@[38;2;229;240;255m@[38;2;231;241;255m@[38;2;233;242;255m@[38;2;154;159;168m* [38;2;24;30;40m.[38;2;125;174;246m*[38;2;128;179;255m*[38;2;128;179;255m*[38;2;128;179;255m*[38;2;119;166;236m*[38;2;85;118;168m=[38;2;36;51;73m. [38;2;44;44;44m.[38;2;227;227;227m%     [0m
     [38;2;229;229;229m%[38;2;32;32;32m. [38;2;133;158;194m*[38;2;176;208;255m%[38;2;178;209;255m%[38;2;180;210;255m%[38;2;181;211;255m%[38;2;183;212;255m%[38;2;185;213;255m%[38;2;187;214;255m%[38;2;189;215;255m%[38;2;190;216;255m%[38;2;192;217;255m%[38;2;194;218;255m%[38;2;196;219;255m%[38;2;197;220;255m%[38;2;199;222;255m%[38;2;201;223;255m%[38;2;203;224;255m%[38;2;204;225;255m%[38;2;206;226;255m%[38;2;208;227;255m%[38;2;210;228;255m%[38;2;212;229;255m%[38;2;213;230;255m%[38;2;215;231;255m@[38;2;217;232;255m@[38;2;219;233;255m@[38;2;221;234;255m@[38;2;222;235;255m@[38;2;224;236;255m@[38;2;226;238;255m@[38;2;228;239;255m@[38;2;229;240;255m@[38;2;231;241;255m@[38;2;233;242;255m@[38;2;234;243;255m@[38;2;90;93;97m- [38;2;63;85;118m-[38;2;128;179;255m*[38;2;128;179;255m*[38;2;128;179;255m*[38;2;128;179;255m*[38;2;128;179;255m*[38;2;100;135;187m+ [38;2;32;32;32m.[38;2;229;229;229m%     [0m
     [38;2;229;229;229m%[38;2;32;32;32m. [38;2;133;158;194m*[38;2;176;208;255m%[38;2;178;209;255m%[38;2;180;210;255m%[38;2;181;211;255m%[38;2;183;212;255m%[38;2;185;213;255m%[38;2;187;214;255m%[38;2;189;215;255m%[38;2;190;216;255m%[38;2;192;217;255m%[38;2;194;218;255m%[38;2;196;219;255m%[38;2;197;220;255m%[38;2;199;222;255m%[38;2;201;223;255m%[38;2;203;224;255m%[38;2;204;225;255m%[38;2;206;226;255m%[38;2;208;227;255m%[38;2;210;228;255m%[38;2;212;229;255m%[38;2;213;230;255m%[38;2;215;231;255m@[38;2;217;232;255m@[38;2;219;233;255m@[38;2;221;234;255m@[38;2;222;235;255m@[38;2;224;236;255m@[38;2;226;238;255m@[38;2;228;239;255m@[38;2;229;240;255m@[38;2;231;241;255m@[38;2;229;238;251m@[38;2;184;191;200m#[38;2;101;105;109m=  [38;2;92;128;182m=[38;2;128;179;255m*[38;2;128;179;255m*[38;2;128;179;255m*[38;2;128;179;255m*[38;2;107;142;196m+ [38;2;32;32;32m.[38;2;229;229;229m%     [0m
     [38;2;229;229;229m%[38;2;32;32;32m. [38;2;133;158;194m*[38;2;176;208;255m%[38;2;178;209;255m%[38;2;180;210;255m%[38;2;181;211;255m%[38;2;183;212;255m%[38;2;185;213;255m%[38;2;187;214;255m%[38;2;189;215;255m%[38;2;190;216;255m%[38;2;192;217;255m%[38;2;194;218;255m%[38;2;196;219;255m%[38;2;197;220;255m%[38;2;199;222;255m%[38;2;201;223;255m%[38;2;203;224;255m%[38;2;204;225;255m%[38;2;206;226;255m%[38;2;208;227;255m%[38;2;210;228;255m%[38;2;212;229;255m%[38;2;213;230;255m%[38;2;215;231;255m@[38;2;217;232;255m@[38;2;219;233;255m@[38;2;221;234;255m@[38;2;222;235;255m@[38;2;224;236;255m@[38;2;226;238;255m@[38;2;210;220;235m%[38;2;151;158;168m*[38;2;89;93;99m-[38;2;27;28;30m. [38;2;0;35;87m.[38;2;0;54;135m. [38;2;24;32;44m.[38;2;122;169;240m*[38;2;128;179;255m*[38;2;128;179;255m*[38;2;128;179;255m*[38;2;105;142;196m+ [38;2;32;32;32m.[38;2;229;229;229m%     [0m
     [38;2;229;229;229m%[38;2;32;32;32m. [38;2;133;158;194m*[38;2;176;208;255m%[38;2;178;209;255m%[38;2;180;210;255m%[38;2;181;211;255m%[38;2;183;212;255m%[38;2;185;213;255m%[38;2;187;214;255m%[38;2;189;215;255m%[38;2;190;216;255m%[38;2;192;217;255m%[38;2;194;218;255m%[38;2;196;219;255m%[38;2;197;220;255m%[38;2;199;222;255m%[38;2;201;223;255m%[38;2;203;224;255m%[38;2;204;225;255m%[38;2;206;226;255m%[38;2;208;227;255m%[38;2;210;228;255m%[38;2;212;229;255m%[38;2;213;230;255m%[38;2;215;231;255m@[38;2;217;232;255m@[38;2;219;233;255m@[38;2;219;233;253m@[38;2;179;190;205m#[38;2;119;126;136m=[38;2;59;62;66m:  [38;2;0;46;114m.[38;2;0;74;185m:[38;2;0;99;246m-[38;2;0;102;255m-[38;2;0;102;255m-[38;2;1;46;115m. [38;2;55;75;106m:[38;2;128;179;255m*[38;2;128;179;255m*[38;2;128;179;255m*[38;2;104;141;197m+ [38;2;32;32;32m.[38;2;229;229;229m%     [0m
     [38;2;229;229;229m%[38;2;32;32;32m. [38;2;133;158;194m*[38;2;176;208;255m%[38;2;178;209;255m%[38;2;180;210;255m%[38;2;181;211;255m%[38;2;183;212;255m%[38;2;185;213;255m%[38;2;187;214;255m%[38;2;189;215;255m%[38;2;190;216;255m%[38;2;192;217;255m%[38;2;194;218;255m%[38;2;196;219;255m%[38;2;197;220;255m%[38;2;199;222;255m%[38;2;201;223;255m%[38;2;203;224;255m%[38;2;204;225;255m%[38;2;206;226;255m%[38;2;208;227;255m%[38;2;210;228;255m%[38;2;212;229;255m%[38;2;213;230;255m%[38;2;201;215;238m%[38;2;147;158;173m*[38;2;89;95;104m-[38;2;30;31;34m. [38;2;1;29;71m.[38;2;1;57;142m:[38;2;0;85;213m-[38;2;0;102;254m-[38;2;0;102;255m-[38;2;0;102;255m-[38;2;0;102;255m-[38;2;0;102;255m-[38;2;0;102;255m-[38;2;0;98;244m-  [38;2;90;125;177m=[38;2;128;179;255m*[38;2;128;179;255m*[38;2;103;141;197m+ [38;2;32;32;32m.[38;2;229;229;229m%     [0m
     [38;2;229;229;229m%[38;2;32;32;32m. [38;2;133;158;194m*[38;2;176;208;255m%[38;2;178;209;255m%[38;2;180;210;255m%[38;2;181;211;255m%[38;2;183;212;255m%[38;2;185;213;255m%[38;2;187;214;255m%[38;2;189;215;255m%[38;2;190;216;255m%[38;2;192;217;255m%[38;2;194;218;255m%[38;2;196;219;255m%[38;2;197;220;255m%[38;2;199;222;255m%[38;2;201;223;255m%[38;2;203;224;255m%[38;2;204;225;255m%[38;2;206;226;255m%[38;2;208;227;255m%[38;2;207;224;251m%[38;2;126;136;152m+[38;2;60;64;71m:    [38;2;1;45;111m.[38;2;0;52;130m.[38;2;0;52;130m.[38;2;0;52;131m.[38;2;0;53;131m.[38;2;0;53;132m.[38;2;0;53;132m.[38;2;0;53;133m.[38;2;0;53;134m.[38;2;0;54;134m.[38;2;0;54;135m.[38;2;0;34;85m.  [38;2;65;90;127m-[38;2;64;90;128m-[38;2;51;71;100m: [38;2;32;32;32m.[38;2;229;229;229m%     [0m
     [38;2;229;229;229m%[38;2;32;32;32m. [38;2;133;158;194m*[38;2;176;208;255m%[38;2;178;209;255m%[38;2;180;210;255m%[38;2;181;211;255m%[38;2;183;212;255m%[38;2;185;213;255m%[38;2;187;214;255m%[38;2;189;215;255m%[38;2;190;216;255m%[38;2;192;217;255m%[38;2;194;218;255m%[38;2;196;219;255m%[38;2;197;220;255m%[38;2;199;222;255m%[38;2;201;223;255m%[38;2;203;224;255m%[38;2;204;225;255m%[38;2;206;226;255m%[38;2;208;227;255m%[38;2;189;205;230m#   [38;2;2;31;74m.[38;2;0;34;85m.[38;2;0;34;85m.[38;2;0;34;85m.[38;2;0;34;85m.[38;2;0;34;86m.[38;2;0;34;86m.[38;2;0;34;86m.[38;2;0;34;86m.[38;2;0;34;86m.[38;2;0;34;86m.[38;2;0;34;86m.[38;2;0;34;86m.[38;2;0;34;86m.[38;2;0;35;86m.[38;2;0;35;86m.[38;2;0;35;86m.[38;2;0;35;86m.[38;2;0;35;86m.  [38;2;32;32;32m.[38;2;229;229;229m%     [0m
     [38;2;229;229;229m%[38;2;32;32;32m. [38;2;133;158;194m*[38;2;176;208;255m%[38;2;178;209;255m%[38;2;180;210;255m%[38;2;181;211;255m%[38;2;183;212;255m%[38;2;185;213;255m%[38;2;187;214;255m%[38;2;189;215;255m%[38;2;190;216;255m%[38;2;192;217;255m%[38;2;194;218;255m%[38;2;196;219;255m%[38;2;197;220;255m%[38;2;199;222;255m%[38;2;201;223;255m%[38;2;203;224;255m%[38;2;204;225;255m%[38;2;206;226;255m%[38;2;208;227;255m%[38;2;189;205;230m#    [38;2;2;60;147m:[38;2;0;68;170m:[38;2;0;68;170m:[38;2;0;68;170m:[38;2;0;68;170m:[38;2;0;68;170m:[38;2;0;68;170m:[38;2;0;68;170m:[38;2;0;68;170m:[38;2;0;68;170m:[38;2;0;68;170m:[38;2;0;68;170m:[38;2;0;68;170m:[38;2;0;68;170m:[38;2;0;68;170m:[38;2;0;68;170m:[38;2;0;68;170m:[38;2;0;68;170m:[38;2;0;53;132m. [38;2;32;32;32m.[38;2;229;229;229m%     [0m
     [38;2;229;229;229m%[38;2;32;32;32m. [38;2;133;158;194m*[38;2;176;208;255m%[38;2;178;209;255m%[38;2;180;210;255m%[38;2;181;211;255m%[38;2;183;212;255m%[38;2;185;213;255m%[38;2;187;214;255m%[38;2;189;215;255m%[38;2;190;216;255m%[38;2;192;217;255m%[38;2;194;218;255m%[38;2;196;219;255m%[38;2;197;220;255m%[38;2;199;222;255m%[38;2;201;223;255m%[38;2;203;224;255m%[38;2;204;225;255m%[38;2;206;226;255m%[38;2;208;227;255m%[38;2;189;205;230m#  [38;2;3;59;143m:  [38;2;1;56;137m.[38;2;0;68;170m:[38;2;0;68;170m:[38;2;0;68;170m:[38;2;0;68;170m:[38;2;0;68;170m:[38;2;0;68;170m:[38;2;0;68;170m:[38;2;0;68;170m:[38;2;0;68;170m:[38;2;0;68;170m:[38;2;0;68;170m:[38;2;0;68;170m:[38;2;0;68;170m:[38;2;0;68;170m:[38;2;0;68;170m:[38;2;0;68;170m:[38;2;0;53;132m. [38;2;32;32;32m.[38;2;229;229;229m%     [0m
     [38;2;229;229;229m%[38;2;32;32;32m. [38;2;133;158;194m*[38;2;176;208;255m%[38;2;178;209;255m%[38;2;180;210;255m%[38;2;181;211;255m%[38;2;183;212;255m%[38;2;185;213;255m%[38;2;187;214;255m%[38;2;189;215;255m%[38;2;190;216;255m%[38;2;192;217;255m%[38;2;194;218;255m%[38;2;196;219;255m%[38;2;197;220;255m%[38;2;199;222;255m%[38;2;201;223;255m%[38;2;203;224;255m%[38;2;204;225;255m%[38;2;206;226;255m%[38;2;208;227;255m%[38;2;189;205;230m#  [38;2;0;92;231m-[38;2;2;79;194m:  [38;2;1;49;121m.[38;2;0;68;170m:[38;2;0;68;170m:[38;2;0;68;170m:[38;2;0;68;170m:[38;2;0;68;170m:[38;2;0;68;170m:[38;2;0;68;170m:[38;2;0;68;170m:[38;2;0;68;170m:[38;2;0;68;170m:[38;2;0;68;170m:[38;2;0;68;170m:[38;2;0;68;170m:[38;2;0;68;170m:[38;2;0;68;170m:[38;2;0;53;133m. [38;2;32;32;32m.[38;2;229;229;229m%     [0m
     [38;2;229;229;229m%[38;2;32;32;32m. [38;2;133;158;194m*[38;2;176;208;255m%[38;2;178;209;255m%[38;2;180;210;255m%[38;2;181;211;255m%[38;2;183;212;255m%[38;2;185;213;255m%[38;2;187;214;255m%[38;2;189;215;255m%[38;2;190;216;255m%[38;2;192;217;255m%[38;2;194;218;255m%[38;2;196;219;255m%[38;2;197;220;255m%[38;2;199;222;255m%[38;2;201;223;255m%[38;2;203;224;255m%[38;2;204;225;255m%[38;2;206;226;255m%[38;2;208;227;255m%[38;2;189;205;230m#  [38;2;0;92;230m-[38;2;0;102;255m-[38;2;2;86;213m-  [38;2;1;42;105m.[38;2;0;68;170m:[38;2;0;68;170m:[38;2;0;68;170m:[38;2;0;68;170m:[38;2;0;68;170m:[38;2;0;68;170m:[38;2;0;68;170m:[38;2;0;68;170m:[38;2;0;68;170m:[38;2;0;68;170m:[38;2;0;68;170m:[38;2;0;68;170m:[38;2;0;68;170m:[38;2;0;68;170m:[38;2;0;54;134m. [38;2;32;32;32m.[38;2;229;229;229m%     [0m
     [38;2;229;229;229m%[38;2;32;32;32m. [38;2;133;158;194m*[38;2;176;208;255m%[38;2;178;209;255m%[38;2;180;210;255m%[38;2;181;211;255m%[38;2;183;212;255m%[38;2;185;213;255m%[38;2;187;214;255m%[38;2;189;215;255m%[38;2;190;216;255m%[38;2;192;217;255m%[38;2;194;218;255m%[38;2;196;219;255m%[38;2;197;220;255m%[38;2;199;222;255m%[38;2;201;223;255m%[38;2;203;224;255m%[38;2;204;225;255m%[38;2;206;226;255m%[38;2;208;227;255m%[38;2;189;205;230m#  [38;2;1;92;230m-[38;2;0;102;255m-[38;2;0;102;255m-[38;2;1;94;233m-  [38;2;0;35;86m.[38;2;0;68;169m:[38;2;0;68;170m:[38;2;0;68;170m:[38;2;0;68;170m:[38;2;0;68;170m:[38;2;0;68;170m:[38;2;0;68;170m:[38;2;0;68;170m:[38;2;0;68;170m:[38;2;0;68;170m:[38;2;0;68;170m:[38;2;0;68;170m:[38;2;0;68;170m:[38;2;0;54;135m. [38;2;32;32;32m.[38;2;229;229;229m%     [0m
     [38;2;227;227;227m%[38;2;47;47;47m. [38;2;54;64;79m:[38;2;113;134;164m+[38;2;162;190;232m#[38;2;180;210;255m%[38;2;181;211;255m%[38;2;183;212;255m%[38;2;185;213;255m%[38;2;187;214;255m%[38;2;189;215;255m%[38;2;190;216;255m%[38;2;192;217;255m%[38;2;194;218;255m%[38;2;196;219;255m%[38;2;197;220;255m%[38;2;199;222;255m%[38;2;201;223;255m%[38;2;203;224;255m%[38;2;204;225;255m%[38;2;206;226;255m%[38;2;208;227;255m%[38;2;189;205;230m#  [38;2;2;93;230m-[38;2;0;102;255m-[38;2;0;102;255m-[38;2;0;102;255m-[38;2;1;97;243m-[38;2;2;38;92m.  [38;2;0;66;164m:[38;2;0;68;170m:[38;2;0;68;170m:[38;2;0;68;170m:[38;2;0;68;170m:[38;2;0;68;170m:[38;2;0;68;170m:[38;2;0;68;170m:[38;2;0;68;170m:[38;2;0;68;170m:[38;2;0;60;149m:[38;2;0;40;100m.  [38;2;46;46;46m.[38;2;227;227;227m%     [0m
     [38;2;71;71;71m:[38;2;152;152;152m+[38;2;155;155;155m*[38;2;107;107;107m=[38;2;38;38;38m. [38;2;44;51;62m.[38;2;94;109;131m=[38;2;144;167;201m*[38;2;183;210;252m%[38;2;187;214;255m%[38;2;189;215;255m%[38;2;190;216;255m%[38;2;192;217;255m%[38;2;194;218;255m%[38;2;196;219;255m%[38;2;197;220;255m%[38;2;199;222;255m%[38;2;201;223;255m%[38;2;203;224;255m%[38;2;204;225;255m%[38;2;206;226;255m%[38;2;208;227;255m%[38;2;189;205;230m#  [38;2;3;94;230m-[38;2;0;101;253m-[38;2;0;94;234m-[38;2;0;85;211m:[38;2;0;75;188m:[38;2;1;65;162m:   [38;2;0;64;159m:[38;2;0;68;170m:[38;2;0;68;170m:[38;2;0;68;170m:[38;2;0;68;170m:[38;2;0;68;169m:[38;2;1;56;137m.[38;2;0;35;87m.  [38;2;37;37;37m.[38;2;107;107;107m=[38;2;155;155;155m*[38;2;153;153;153m+[38;2;71;71;71m:     [0m
        [38;2;65;65;65m:[38;2;131;131;131m+[38;2;159;159;159m*[38;2;137;137;137m+[38;2;70;70;70m:  [38;2;76;87;103m-[38;2;128;146;173m+[38;2;178;202;238m#[38;2;192;217;255m%[38;2;194;218;255m%[38;2;196;219;255m%[38;2;197;220;255m%[38;2;190;211;243m%[38;2;174;192;220m#[38;2;157;173;197m*[38;2;139;153;174m+[38;2;122;133;151m+[38;2;104;114;128m=[38;2;78;85;95m-      [38;2;14;28;49m.[38;2;19;38;67m.[38;2;24;49;86m.[38;2;25;52;91m.  [38;2;0;60;149m:[38;2;0;66;166m:[38;2;0;50;126m.[38;2;0;31;77m.  [38;2;69;69;69m:[38;2;136;136;136m+[38;2;158;158;158m*[38;2;133;133;133m+[38;2;65;65;65m:        [0m
           [38;2;33;33;33m.[38;2;102;102;102m=[38;2;155;155;155m*[38;2;154;154;154m*[38;2;98;98;98m-[38;2;29;29;29m. [38;2;50;57;67m:[38;2;55;62;72m:[38;2;38;42;49m.    [38;2;16;30;51m.[38;2;20;40;69m.[38;2;25;50;88m.[38;2;30;61;106m:[38;2;34;70;123m:[38;2;39;81;143m-[38;2;45;92;163m-[38;2;50;103;181m-[38;2;54;112;197m=[38;2;55;113;200m=[38;2;55;113;200m=[38;2;55;113;200m=[38;2;55;113;200m=[38;2;55;113;200m=[38;2;35;65;110m:   [38;2;29;29;29m.[38;2;97;97;97m-[38;2;154;154;154m*[38;2;154;154;154m*[38;2;102;102;102m=[38;2;33;33;33m.           [0m
               [38;2;74;74;74m:[38;2;140;140;140m+[38;2;157;157;157m*[38;2;128;128;128m+[38;2;61;61;61m:  [38;2;27;45;72m.[38;2;43;82;141m-[38;2;54;108;190m=[38;2;55;113;200m=[38;2;55;113;200m=[38;2;55;113;200m=[38;2;55;113;200m=[38;2;55;113;200m=[38;2;55;113;200m=[38;2;55;113;200m=[38;2;55;113;200m=[38;2;55;113;200m=[38;2;55;113;200m=[38;2;53;108;191m=[38;2;41;82;143m-[38;2;26;51;88m.  [38;2;60;60;60m:[38;2;128;128;128m+[38;2;156;156;156m*[38;2;140;140;140m+[38;2;76;76;76m:               [0m
                  [38;2;41;41;41m.[38;2;112;112;112m=[38;2;155;155;155m*[38;2;152;152;152m+[38;2;93;93;93m-  [38;2;18;36;63m.[38;2;33;68;119m:[38;2;48;99;176m-[38;2;55;113;200m=[38;2;55;113;200m=[38;2;55;113;200m=[38;2;55;113;200m=[38;2;48;99;175m-[38;2;33;68;120m:[38;2;18;37;64m.  [38;2;92;92;92m-[38;2;151;151;151m+[38;2;155;155;155m*[38;2;112;112;112m=[38;2;42;42;42m.                  [0m
                      [38;2;79;79;79m-[38;2;143;143;143m+[38;2;158;158;158m*[38;2;125;125;125m=[38;2;56;56;56m:  [38;2;28;57;101m:[38;2;27;55;97m:  [38;2;55;55;55m:[38;2;125;125;125m=[38;2;157;157;157m*[38;2;144;144;144m+[38;2;79;79;79m-                      [0m
                         [38;2;47;47;47m.[38;2;116;116;116m=[38;2;157;157;157m*[38;2;148;148;148m+[38;2;90;90;90m-[38;2;90;90;90m-[38;2;147;147;147m+[38;2;157;157;157m*[38;2;118;118;118m=[38;2;47;47;47m.                         [0m
                             [38;2;66;66;66m:[38;2;66;66;66m:                             [0m
