                                                                                                    [0m
                                              [38;2;27;27;27m.[38;2;93;93;93m-[38;2;155;155;155m*[38;2;185;185;185m#[38;2;185;185;185m#[38;2;155;155;155m*[38;2;93;93;93m-[38;2;27;27;27m.                                              [0m
                                           [38;2;58;58;58m:[38;2;124;124;124m=[38;2;193;193;193m#[38;2;237;237;237m@[38;2;188;188;188m#[38;2;121;121;121m=[38;2;63;63;63m:[38;2;63;63;63m:[38;2;120;120;120m=[38;2;187;187;187m#[38;2;237;237;237m@[38;2;193;193;193m#[38;2;127;127;127m=[38;2;58;58;58m:                                           [0m
                                        [38;2;77;77;77m-[38;2;149;149;149m+[38;2;220;220;220m%[38;2;224;224;224m%[38;2;157;157;157m*[38;2;90;90;90m-        [38;2;89;89;89m-[38;2;156;156;156m*[38;2;223;223;223m%[38;2;220;220;220m%[38;2;149;149;149m+[38;2;77;77;77m-                                        [0m
                                    [38;2;57;57;57m:[38;2;117;117;117m=[38;2;181;181;181m#[38;2;226;226;226m%[38;2;190;190;190m#[38;2;122;122;122m=[38;2;54;54;54m:    [38;2;54;59;66m:[38;2;105;114;127m=[38;2;156;169;188m*[38;2;158;171;189m*[38;2;107;116;128m=[38;2;56;61;67m:    [38;2;54;54;54m:[38;2;121;121;121m=[38;2;189;189;189m#[38;2;229;229;229m%[38;2;181;181;181m#[38;2;117;117;117m=[38;2;57;57;57m:                                    [0m
                                 [38;2;86;86;86m-[38;2;158;158;158m*[38;2;227;227;227m%[38;2;219;219;219m%[38;2;152;152;152m+[38;2;85;85;85m-    [38;2;29;32;36m.[38;2;83;91;103m-[38;2;138;151;170m+[38;2;191;208;234m%[38;2;210;228;255m%[38;2;211;229;255m%[38;2;212;229;255m%[38;2;213;230;255m%[38;2;214;231;255m%[38;2;215;231;255m%[38;2;199;213;235m%[38;2;145;156;171m*[38;2;89;95;104m-[38;2;32;34;37m.    [38;2;84;84;84m-[38;2;151;151;151m+[38;2;218;218;218m%[38;2;227;227;227m%[38;2;158;158;158m*[38;2;86;86;86m-                                 [0m
                             [38;2;42;42;42m.[38;2;108;108;108m=[38;2;178;178;178m*[38;2;235;235;235m@[38;2;195;195;195m#[38;2;121;121;121m=[38;2;54;54;54m:    [38;2;42;47;53m.[38;2;101;112;127m=[38;2;161;177;201m*[38;2;202;221;250m%[38;2;207;226;255m%[38;2;208;227;255m%[38;2;209;227;255m%[38;2;210;228;255m%[38;2;211;229;255m%[38;2;212;229;255m%[38;2;213;230;255m%[38;2;214;231;255m%[38;2;215;231;255m%[38;2;216;232;255m@[38;2;217;232;255m@[38;2;218;233;255m@[38;2;216;230;251m%[38;2;174;185;202m#[38;2;111;118;128m=[38;2;48;50;54m.    [38;2;53;53;53m:[38;2;120;120;120m=[38;2;194;194;194m#[38;2;235;235;235m@[38;2;178;178;178m*[38;2;112;112;112m=[38;2;42;42;42m.                             [0m
                          [38;2;77;77;77m-[38;2;143;143;143m+[38;2;209;209;209m%[38;2;230;230;230m@[38;2;171;171;171m*[38;2;104;104;104m=[38;2;37;37;37m.    [38;2;66;74;85m:[38;2;119;132;151m+[38;2;172;191;218m#[38;2;202;223;254m%[38;2;203;224;255m%[38;2;205;225;255m%[38;2;206;225;255m%[38;2;207;226;255m%[38;2;208;227;255m%[38;2;209;227;255m%[38;2;210;228;255m%[38;2;211;229;255m%[38;2;212;229;255m%[38;2;213;230;255m%[38;2;214;231;255m%[38;2;215;231;255m%[38;2;216;232;255m@[38;2;217;232;255m@[38;2;218;233;255m@[38;2;219;234;255m@[38;2;221;234;255m@[38;2;222;235;255m@[38;2;222;235;254m@[38;2;192;203;219m#[38;2;134;142;152m+[38;2;76;80;86m-    [38;2;36;36;36m.[38;2;103;103;103m=[38;2;168;168;168m*[38;2;229;229;229m%[38;2;209;209;209m%[38;2;143;143;143m+[38;2;77;77;77m-                          [0m
                      [38;2;46;46;46m.[38;2;106;106;106m=[38;2;166;166;166m*[38;2;226;226;226m%[38;2;189;189;189m#[38;2;128;128;128m+[38;2;66;66;66m:    [38;2;46;51;60m.[38;2;98;110;127m=[38;2;146;163;189m*[38;2;189;211;243m%[38;2;199;222;255m%[38;2;200;222;255m%[38;2;201;223;255m%[38;2;202;223;255m%[38;2;203;224;255m%[38;2;205;225;255m%[38;2;206;225;255m%[38;2;207;226;255m%[38;2;208;227;255m%[38;2;209;227;255m%[38;2;210;228;255m%[38;2;211;229;255m%[38;2;212;229;255m%[38;2;213;230;255m%[38;2;214;231;255m%[38;2;215;231;255m%[38;2;216;232;255m@[38;2;217;232;255m@[38;2;218;233;255m@[38;2;219;234;255m@[38;2;221;234;255m@[38;2;222;235;255m@[38;2;223;236;255m@[38;2;224;236;255m@[38;2;225;237;255m@[38;2;226;238;255m@[38;2;217;227;244m%[38;2;169;178;190m*[38;2;115;120;128m=[38;2;55;57;61m:    [38;2;65;65;65m:[38;2;127;127;127m=[38;2;188;188;188m#[38;2;229;229;229m%[38;2;166;166;166m*[38;2;106;106;106m=[38;2;46;46;46m.                      [0m
                   [38;2;81;81;81m-[38;2;147;147;147m+[38;2;216;216;216m%[38;2;231;231;231m@[38;2;166;166;166m*[38;2;99;99;99m-     [38;2;67;76;89m:[38;2;118;133;156m+[38;2;169;191;223m#[38;2;195;219;255m%[38;2;196;220;255m%[38;2;197;220;255m%[38;2;198;221;255m%[38;2;199;222;255m%[38;2;200;222;255m%[38;2;201;223;255m%[38;2;202;223;255m%[38;2;203;224;255m%[38;2;205;225;255m%[38;2;206;225;255m%[38;2;207;226;255m%[38;2;208;227;255m%[38;2;209;227;255m%[38;2;210;228;255m%[38;2;211;229;255m%[38;2;212;229;255m%[38;2;213;230;255m%[38;2;214;231;255m%[38;2;215;231;255m%[38;2;216;232;255m@[38;2;217;232;255m@[38;2;218;233;255m@[38;2;219;234;255m@[38;2;221;234;255m@[38;2;222;235;255m@[38;2;223;236;255m@[38;2;224;236;255m@[38;2;225;237;255m@[38;2;226;238;255m@[38;2;227;238;255m@[38;2;228;239;255m@[38;2;229;239;255m@[38;2;230;240;255m@[38;2;167;174;184m*       [38;2;98;98;98m-[38;2;165;165;165m*[38;2;230;230;230m@[38;2;216;216;216m%[38;2;151;151;151m+[38;2;81;81;81m-                   [0m
               [38;2;31;31;31m.[38;2;106;106;106m=[38;2;178;178;178m*[38;2;235;235;235m@[38;2;201;201;201m#[38;2;135;135;135m+[38;2;68;68;68m:    [38;2;40;45;54m.[38;2;89;102;121m-[38;2;139;159;187m*[38;2;183;207;245m%[38;2;192;217;255m%[38;2;193;218;255m%[38;2;194;218;255m%[38;2;195;219;255m%[38;2;196;220;255m%[38;2;197;220;255m%[38;2;198;221;255m%[38;2;199;222;255m%[38;2;200;222;255m%[38;2;201;223;255m%[38;2;202;223;255m%[38;2;203;224;255m%[38;2;205;225;255m%[38;2;206;225;255m%[38;2;207;226;255m%[38;2;208;227;255m%[38;2;209;227;255m%[38;2;210;228;255m%[38;2;211;229;255m%[38;2;212;229;255m%[38;2;213;230;255m%[38;2;214;231;255m%[38;2;215;231;255m%[38;2;216;232;255m@[38;2;217;232;255m@[38;2;218;233;255m@[38;2;219;234;255m@[38;2;221;234;255m@[38;2;222;235;255m@[38;2;223;236;255m@[38;2;224;236;255m@[38;2;225;237;255m@[38;2;226;238;255m@[38;2;227;238;255m@[38;2;228;239;255m@[38;2;229;239;255m@[38;2;230;240;255m@[38;2;231;241;255m@[38;2;113;117;124m=   [38;2;39;49;63m.[38;2;37;51;73m.    [38;2;67;67;67m:[38;2;134;134;134m+[38;2;200;200;200m#[38;2;235;235;235m@[38;2;178;178;178m*[38;2;106;106;106m=[38;2;31;31;31m.               [0m
            [38;2;62;62;62m:[38;2;127;127;127m=[38;2;197;197;197m#[38;2;235;235;235m@[38;2;177;177;177m*[38;2;103;103;103m=[38;2;36;36;36m.    [38;2;51;59;71m:[38;2;100;115;138m=[38;2;160;183;219m#[38;2;187;214;254m%[38;2;189;215;255m%[38;2;190;216;255m%[38;2;191;216;255m%[38;2;192;217;255m%[38;2;193;218;255m%[38;2;194;218;255m%[38;2;195;219;255m%[38;2;196;220;255m%[38;2;197;220;255m%[38;2;198;221;255m%[38;2;199;222;255m%[38;2;200;222;255m%[38;2;201;223;255m%[38;2;202;223;255m%[38;2;203;224;255m%[38;2;205;225;255m%[38;2;206;225;255m%[38;2;207;226;255m%[38;2;208;227;255m%[38;2;209;227;255m%[38;2;210;228;255m%[38;2;211;229;255m%[38;2;212;229;255m%[38;2;213;230;255m%[38;2;214;231;255m%[38;2;215;231;255m%[38;2;216;232;255m@[38;2;217;232;255m@[38;2;218;233;255m@[38;2;219;234;255m@[38;2;221;234;255m@[38;2;222;235;255m@[38;2;223;236;255m@[38;2;224;236;255m@[38;2;225;237;255m@[38;2;226;238;255m@[38;2;227;238;255m@[38;2;228;239;255m@[38;2;229;239;255m@[38;2;230;240;255m@[38;2;231;241;255m@[38;2;221;229;242m%[38;2;55;57;61m:  [38;2;25;28;34m.[38;2;122;163;225m*[38;2;117;164;233m*[38;2;78;109;155m=[38;2;44;61;86m:    [38;2;35;35;35m.[38;2;102;102;102m=[38;2;176;176;176m*[38;2;234;234;234m@[38;2;197;197;197m#[38;2;127;127;127m=[38;2;62;62;62m:            [0m
         [38;2;92;92;92m-[38;2;166;166;166m*[38;2;221;221;221m%[38;2;201;201;201m#[38;2;140;140;140m+[38;2;79;79;79m-    [38;2;38;44;54m.[38;2;82;95;115m-[38;2;126;146;176m+[38;2;169;195;235m#[38;2;184;213;255m%[38;2;185;213;255m%[38;2;187;214;255m%[38;2;188;215;255m%[38;2;189;215;255m%[38;2;190;216;255m%[38;2;191;216;255m%[38;2;192;217;255m%[38;2;193;218;255m%[38;2;194;218;255m%[38;2;195;219;255m%[38;2;196;220;255m%[38;2;197;220;255m%[38;2;198;221;255m%[38;2;199;222;255m%[38;2;200;222;255m%[38;2;201;223;255m%[38;2;202;223;255m%[38;2;203;224;255m%[38;2;205;225;255m%[38;2;206;225;255m%[38;2;207;226;255m%[38;2;208;227;255m%[38;2;209;227;255m%[38;2;210;228;255m%[38;2;211;229;255m%[38;2;212;229;255m%[38;2;213;230;255m%[38;2;214;231;255m%[38;2;215;231;255m%[38;2;216;232;255m@[38;2;217;232;255m@[38;2;218;233;255m@[38;2;219;234;255m@[38;2;221;234;255m@[38;2;222;235;255m@[38;2;223;236;255m@[38;2;224;236;255m@[38;2;225;237;255m@[38;2;226;238;255m@[38;2;227;238;255m@[38;2;228;239;255m@[38;2;229;239;255m@[38;2;230;240;255m@[38;2;231;241;255m@[38;2;232;241;255m@[38;2;190;197;207m#   [38;2;52;64;82m:[38;2;129;177;248m*[38;2;128;179;255m*[38;2;128;179;255m*[38;2;122;171;243m*[38;2;95;132;188m+[38;2;64;89;126m-[38;2;33;45;64m.    [38;2;78;78;78m-[38;2;139;139;139m+[38;2;200;200;200m#[38;2;224;224;224m%[38;2;166;166;166m*[38;2;92;92;92m-         [0m
        [38;2;122;122;122m=[38;2;255;255;255m@[38;2;139;139;139m+[38;2;32;32;32m.    [38;2;58;68;83m:[38;2;110;129;157m=[38;2;157;183;223m#[38;2;180;210;255m%[38;2;181;211;255m%[38;2;182;211;255m%[38;2;183;212;255m%[38;2;184;213;255m%[38;2;185;213;255m%[38;2;187;214;255m%[38;2;188;215;255m%[38;2;189;215;255m%[38;2;190;216;255m%[38;2;191;216;255m%[38;2;192;217;255m%[38;2;193;218;255m%[38;2;194;218;255m%[38;2;195;219;255m%[38;2;196;220;255m%[38;2;197;220;255m%[38;2;198;221;255m%[38;2;199;222;255m%[38;2;200;222;255m%[38;2;201;223;255m%[38;2;202;223;255m%[38;2;203;224;255m%[38;2;205;225;255m%[38;2;206;225;255m%[38;2;207;226;255m%[38;2;208;227;255m%[38;2;209;227;255m%[38;2;210;228;255m%[38;2;211;229;255m%[38;2;212;229;255m%[38;2;213;230;255m%[38;2;214;231;255m%[38;2;215;231;255m%[38;2;216;232;255m@[38;2;217;232;255m@[38;2;218;233;255m@[38;2;219;234;255m@[38;2;221;234;255m@[38;2;222;235;255m@[38;2;223;236;255m@[38;2;224;236;255m@[38;2;225;237;255m@[38;2;226;238;255m@[38;2;227;238;255m@[38;2;228;239;255m@[38;2;229;239;255m@[38;2;230;240;255m@[38;2;231;241;255m@[38;2;232;241;255m@[38;2;233;242;255m@[38;2;143;148;156m+   [38;2;81;105;141m=[38;2;128;179;255m*[38;2;128;179;255m*[38;2;128;179;255m*[38;2;128;179;255m*[38;2;128;179;255m*[38;2;128;179;255m*[38;2;117;163;231m*[38;2;84;117;165m=[38;2;47;64;91m:    [38;2;30;30;30m.[38;2;132;132;132m+[38;2;255;255;255m@[38;2;122;122;122m=        [0m
        [38;2;146;146;146m+[38;2;255;255;255m@[38;2;48;48;48m.  [38;2;29;34;42m.[38;2;119;141;174m+[38;2;163;193;237m#[38;2;177;208;255m%[38;2;178;209;255m%[38;2;179;209;255m%[38;2;180;210;255m%[38;2;181;211;255m%[38;2;182;211;255m%[38;2;183;212;255m%[38;2;184;213;255m%[38;2;185;213;255m%[38;2;187;214;255m%[38;2;188;215;255m%[38;2;189;215;255m%[38;2;190;216;255m%[38;2;191;216;255m%[38;2;192;217;255m%[38;2;193;218;255m%[38;2;194;218;255m%[38;2;195;219;255m%[38;2;196;220;255m%[38;2;197;220;255m%[38;2;198;221;255m%[38;2;199;222;255m%[38;2;200;222;255m%[38;2;201;223;255m%[38;2;202;223;255m%[38;2;203;224;255m%[38;2;205;225;255m%[38;2;206;225;255m%[38;2;207;226;255m%[38;2;208;227;255m%[38;2;209;227;255m%[38;2;210;228;255m%[38;2;211;229;255m%[38;2;212;229;255m%[38;2;213;230;255m%[38;2;214;231;255m%[38;2;215;231;255m%[38;2;216;232;255m@[38;2;217;232;255m@[38;2;218;233;255m@[38;2;219;234;255m@[38;2;221;234;255m@[38;2;222;235;255m@[38;2;223;236;255m@[38;2;224;236;255m@[38;2;225;237;255m@[38;2;226;238;255m@[38;2;227;238;255m@[38;2;228;239;255m@[38;2;229;239;255m@[38;2;230;240;255m@[38;2;231;241;255m@[38;2;232;241;255m@[38;2;233;242;255m@[38;2;231;239;252m@[38;2;83;86;90m-   [38;2;121;166;232m*[38;2;128;179;255m*[38;2;128;179;255m*[38;2;128;179;255m*[38;2;128;179;255m*[38;2;128;179;255m*[38;2;128;179;255m*[38;2;128;179;255m*[38;2;128;179;255m*[38;2;120;168;240m*[38;2;89;124;177m=   [38;2;47;47;47m.[38;2;255;255;255m@[38;2;146;146;146m+        [0m
        [38;2;146;146;146m+[38;2;255;255;255m@[38;2;48;48;48m.  [38;2;54;64;79m:[38;2;175;207;255m#[38;2;176;207;255m%[38;2;177;208;255m%[38;2;178;209;255m%[38;2;179;209;255m%[38;2;180;210;255m%[38;2;181;211;255m%[38;2;182;211;255m%[38;2;183;212;255m%[38;2;184;213;255m%[38;2;185;213;255m%[38;2;187;214;255m%[38;2;188;215;255m%[38;2;189;215;255m%[38;2;190;216;255m%[38;2;191;216;255m%[38;2;192;217;255m%[38;2;193;218;255m%[38;2;194;218;255m%[38;2;195;219;255m%[38;2;196;220;255m%[38;2;197;220;255m%[38;2;198;221;255m%[38;2;199;222;255m%[38;2;200;222;255m%[38;2;201;223;255m%[38;2;202;223;255m%[38;2;203;224;255m%[38;2;205;225;255m%[38;2;206;225;255m%[38;2;207;226;255m%[38;2;208;227;255m%[38;2;209;227;255m%[38;2;210;228;255m%[38;2;211;229;255m%[38;2;212;229;255m%[38;2;213;230;255m%[38;2;214;231;255m%[38;2;215;231;255m%[38;2;216;232;255m@[38;2;217;232;255m@[38;2;218;233;255m@[38;2;219;234;255m@[38;2;221;234;255m@[38;2;222;235;255m@[38;2;223;236;255m@[38;2;224;236;255m@[38;2;225;237;255m@[38;2;226;238;255m@[38;2;227;238;255m@[38;2;228;239;255m@[38;2;229;239;255m@[38;2;230;240;255m@[38;2;231;241;255m@[38;2;232;241;255m@[38;2;233;242;255m@[38;2;234;243;255m@[38;2;208;215;225m%[38;2;32;33;35m.  [38;2;59;77;103m:[38;2;129;179;254m*[38;2;128;179;255m*[38;2;128;179;255m*[38;2;128;179;255m*[38;2;128;179;255m*[38;2;128;179;255m*[38;2;128;179;255m*[38;2;128;179;255m*[38;2;128;179;255m*[38;2;128;179;255m*[38;2;37;47;61m.  [38;2;48;48;48m.[38;2;255;255;255m@[38;2;146;146;146m+        [0m
        [38;2;146;146;146m+[38;2;255;255;255m@[38;2;48;48;48m.  [38;2;54;64;79m:[38;2;175;207;255m#[38;2;176;207;255m%[38;2;177;208;255m%[38;2;178;209;255m%[38;2;179;209;255m%[38;2;180;210;255m%[38;2;181;211;255m%[38;2;182;211;255m%[38;2;183;212;255m%[38;2;184;213;255m%[38;2;185;213;255m%[38;2;187;214;255m%[38;2;188;215;255m%[38;2;189;215;255m%[38;2;190;216;255m%[38;2;191;216;255m%[38;2;192;217;255m%[38;2;193;218;255m%[38;2;194;218;255m%[38;2;195;219;255m%[38;2;196;220;255m%[38;2;197;220;255m%[38;2;198;221;255m%[38;2;199;222;255m%[38;2;200;222;255m%[38;2;201;223;255m%[38;2;202;223;255m%[38;2;203;224;255m%[38;2;205;225;255m%[38;2;206;225;255m%[38;2;207;226;255m%[38;2;208;227;255m%[38;2;209;227;255m%[38;2;210;228;255m%[38;2;211;229;255m%[38;2;212;229;255m%[38;2;213;230;255m%[38;2;214;231;255m%[38;2;215;231;255m%[38;2;216;232;255m@[38;2;217;232;255m@[38;2;218;233;255m@[38;2;219;234;255m@[38;2;221;234;255m@[38;2;222;235;255m@[38;2;223;236;255m@[38;2;224;236;255m@[38;2;225;237;255m@[38;2;226;238;255m@[38;2;227;238;255m@[38;2;228;239;255m@[38;2;229;239;255m@[38;2;230;240;255m@[38;2;231;241;255m@[38;2;232;241;255m@[38;2;233;242;255m@[38;2;234;243;255m@[38;2;236;243;255m@[38;2;166;171;179m*   [38;2;80;109;154m=[38;2;128;179;255m*[38;2;128;179;255m*[38;2;128;179;255m*[38;2;128;179;255m*[38;2;128;179;255m*[38;2;128;179;255m*[38;2;128;179;255m*[38;2;128;179;255m*[38;2;128;179;255m*[38;2;55;65;80m:  [38;2;48;48;48m.[38;2;255;255;255m@[38;2;146;146;146m+        [0m
        [38;2;146;146;146m+[38;2;255;255;255m@[38;2;48;48;48m.  [38;2;54;64;79m:[38;2;175;207;255m#[38;2;176;207;255m%[38;2;177;208;255m%[38;2;178;209;255m%[38;2;179;209;255m%[38;2;180;210;255m%[38;2;181;211;255m%[38;2;182;211;255m%[38;2;183;212;255m%[38;2;184;213;255m%[38;2;185;213;255m%[38;2;187;214;255m%[38;2;188;215;255m%[38;2;189;215;255m%[38;2;190;216;255m%[38;2;191;216;255m%[38;2;192;217;255m%[38;2;193;218;255m%[38;2;194;218;255m%[38;2;195;219;255m%[38;2;196;220;255m%[38;2;197;220;255m%[38;2;198;221;255m%[38;2;199;222;255m%[38;2;200;222;255m%[38;2;201;223;255m%[38;2;202;223;255m%[38;2;203;224;255m%[38;2;205;225;255m%[38;2;206;225;255m%[38;2;207;226;255m%[38;2;208;227;255m%[38;2;209;227;255m%[38;2;210;228;255m%[38;2;211;229;255m%[38;2;212;229;255m%[38;2;213;230;255m%[38;2;214;231;255m%[38;2;215;231;255m%[38;2;216;232;255m@[38;2;217;232;255m@[38;2;218;233;255m@[38;2;219;234;255m@[38;2;221;234;255m@[38;2;222;235;255m@[38;2;223;236;255m@[38;2;224;236;255m@[38;2;225;237;255m@[38;2;226;238;255m@[38;2;227;238;255m@[38;2;228;239;255m@[38;2;229;239;255m@[38;2;230;240;255m@[38;2;231;241;255m@[38;2;232;241;255m@[38;2;233;242;255m@[38;2;225;233;245m@[38;2;174;180;188m#[38;2;113;116;121m=    [38;2;103;145;206m+[38;2;128;179;255m*[38;2;128;179;255m*[38;2;128;179;255m*[38;2;128;179;255m*[38;2;128;179;255m*[38;2;128;179;255m*[38;2;128;179;255m*[38;2;128;179;255m*[38;2;53;64;81m:  [38;2;48;48;48m.[38;2;255;255;255m@[38;2;146;146;146m+        [0m
        [38;2;146;146;146m+[38;2;255;255;255m@[38;2;48;48;48m.  [38;2;54;64;79m:[38;2;175;207;255m#[38;2;176;207;255m%[38;2;177;208;255m%[38;2;178;209;255m%[38;2;179;209;255m%[38;2;180;210;255m%[38;2;181;211;255m%[38;2;182;211;255m%[38;2;183;212;255m%[38;2;184;213;255m%[38;2;185;213;255m%[38;2;187;214;255m%[38;2;188;215;255m%[38;2;189;215;255m%[38;2;190;216;255m%[38;2;191;216;255m%[38;2;192;217;255m%[38;2;193;218;255m%[38;2;194;218;255m%[38;2;195;219;255m%[38;2;196;220;255m%[38;2;197;220;255m%[38;2;198;221;255m%[38;2;199;222;255m%[38;2;200;222;255m%[38;2;201;223;255m%[38;2;202;223;255m%[38;2;203;224;255m%[38;2;205;225;255m%[38;2;206;225;255m%[38;2;207;226;255m%[38;2;208;227;255m%[38;2;209;227;255m%[38;2;210;228;255m%[38;2;211;229;255m%[38;2;212;229;255m%[38;2;213;230;255m%[38;2;214;231;255m%[38;2;215;231;255m%[38;2;216;232;255m@[38;2;217;232;255m@[38;2;218;233;255m@[38;2;219;234;255m@[38;2;221;234;255m@[38;2;222;235;255m@[38;2;223;236;255m@[38;2;224;236;255m@[38;2;225;237;255m@[38;2;226;238;255m@[38;2;227;238;255m@[38;2;228;239;255m@[38;2;229;239;255m@[38;2;230;240;255m@[38;2;203;211;224m%[38;2;143;149;157m+[38;2;83;86;90m-       [38;2;40;54;74m:[38;2;126;175;248m*[38;2;128;179;255m*[38;2;128;179;255m*[38;2;128;179;255m*[38;2;128;179;255m*[38;2;128;179;255m*[38;2;128;179;255m*[38;2;128;179;255m*[38;2;52;64;81m:  [38;2;48;48;48m.[38;2;255;255;255m@[38;2;146;146;146m+        [0m
        [38;2;146;146;146m+[38;2;255;255;255m@[38;2;48;48;48m.  [38;2;54;64;79m:[38;2;175;207;255m#[38;2;176;207;255m%[38;2;177;208;255m%[38;2;178;209;255m%[38;2;179;209;255m%[38;2;180;210;255m%[38;2;181;211;255m%[38;2;182;211;255m%[38;2;183;212;255m%[38;2;184;213;255m%[38;2;185;213;255m%[38;2;187;214;255m%[38;2;188;215;255m%[38;2;189;215;255m%[38;2;190;216;255m%[38;2;191;216;255m%[38;2;192;217;255m%[38;2;193;218;255m%[38;2;194;218;255m%[38;2;195;219;255m%[38;2;196;220;255m%[38;2;197;220;255m%[38;2;198;221;255m%[38;2;199;222;255m%[38;2;200;222;255m%[38;2;201;223;255m%[38;2;202;223;255m%[38;2;203;224;255m%[38;2;205;225;255m%[38;2;206;225;255m%[38;2;207;226;255m%[38;2;208;227;255m%[38;2;209;227;255m%[38;2;210;228;255m%[38;2;211;229;255m%[38;2;212;229;255m%[38;2;213;230;255m%[38;2;214;231;255m%[38;2;215;231;255m%[38;2;216;232;255m@[38;2;217;232;255m@[38;2;218;233;255m@[38;2;219;234;255m@[38;2;221;234;255m@[38;2;222;235;255m@[38;2;223;236;255m@[38;2;224;236;255m@[38;2;225;237;255m@[38;2;226;238;255m@[38;2;224;235;252m@[38;2;184;193;206m#[38;2;125;131;139m+[38;2;59;62;66m:    [38;2;0;29;73m.[38;2;0;57;142m.[38;2;0;84;210m:[38;2;0;88;219m-   [38;2;75;102;142m-[38;2;128;179;255m*[38;2;128;179;255m*[38;2;128;179;255m*[38;2;128;179;255m*[38;2;128;179;255m*[38;2;128;179;255m*[38;2;128;179;255m*[38;2;51;63;82m:  [38;2;48;48;48m.[38;2;255;255;255m@[38;2;146;146;146m+        [0m
        [38;2;146;146;146m+[38;2;255;255;255m@[38;2;48;48;48m.  [38;2;54;64;79m:[38;2;175;207;255m#[38;2;176;207;255m%[38;2;177;208;255m%[38;2;178;209;255m%[38;2;179;209;255m%[38;2;180;210;255m%[38;2;181;211;255m%[38;2;182;211;255m%[38;2;183;212;255m%[38;2;184;213;255m%[38;2;185;213;255m%[38;2;187;214;255m%[38;2;188;215;255m%[38;2;189;215;255m%[38;2;190;216;255m%[38;2;191;216;255m%[38;2;192;217;255m%[38;2;193;218;255m%[38;2;194;218;255m%[38;2;195;219;255m%[38;2;196;220;255m%[38;2;197;220;255m%[38;2;198;221;255m%[38;2;199;222;255m%[38;2;200;222;255m%[38;2;201;223;255m%[38;2;202;223;255m%[38;2;203;224;255m%[38;2;205;225;255m%[38;2;206;225;255m%[38;2;207;226;255m%[38;2;208;227;255m%[38;2;209;227;255m%[38;2;210;228;255m%[38;2;211;229;255m%[38;2;212;229;255m%[38;2;213;230;255m%[38;2;214;231;255m%[38;2;215;231;255m%[38;2;216;232;255m@[38;2;217;232;255m@[38;2;218;233;255m@[38;2;219;234;255m@[38;2;221;234;255m@[38;2;222;235;255m@[38;2;222;235;254m@[38;2;195;206;222m%[38;2;142;149;161m+[38;2;88;93;99m-[38;2;34;36;38m.    [38;2;0;45;113m.[38;2;0;70;175m:[38;2;0;94;235m-[38;2;0;102;255m-[38;2;0;102;255m-[38;2;0;102;255m-[38;2;0;102;255m-[38;2;1;52;128m.   [38;2;102;141;199m+[38;2;128;179;255m*[38;2;128;179;255m*[38;2;128;179;255m*[38;2;128;179;255m*[38;2;128;179;255m*[38;2;128;179;255m*[38;2;50;63;82m:  [38;2;48;48;48m.[38;2;255;255;255m@[38;2;146;146;146m+        [0m
        [38;2;146;146;146m+[38;2;255;255;255m@[38;2;48;48;48m.  [38;2;54;64;79m:[38;2;175;207;255m#[38;2;176;207;255m%[38;2;177;208;255m%[38;2;178;209;255m%[38;2;179;209;255m%[38;2;180;210;255m%[38;2;181;211;255m%[38;2;182;211;255m%[38;2;183;212;255m%[38;2;184;213;255m%[38;2;185;213;255m%[38;2;187;214;255m%[38;2;188;215;255m%[38;2;189;215;255m%[38;2;190;216;255m%[38;2;191;216;255m%[38;2;192;217;255m%[38;2;193;218;255m%[38;2;194;218;255m%[38;2;195;219;255m%[38;2;196;220;255m%[38;2;197;220;255m%[38;2;198;221;255m%[38;2;199;222;255m%[38;2;200;222;255m%[38;2;201;223;255m%[38;2;202;223;255m%[38;2;203;224;255m%[38;2;205;225;255m%[38;2;206;225;255m%[38;2;207;226;255m%[38;2;208;227;255m%[38;2;209;227;255m%[38;2;210;228;255m%[38;2;211;229;255m%[38;2;212;229;255m%[38;2;213;230;255m%[38;2;214;231;255m%[38;2;215;231;255m%[38;2;216;232;255m@[38;2;217;232;255m@[38;2;218;233;255m@[38;2;216;230;251m%[38;2;174;185;202m#[38;2;111;118;128m=[38;2;47;50;54m.     [38;2;0;54;136m.[38;2;0;85;211m:[38;2;0;102;254m-[38;2;0;102;255m-[38;2;0;102;255m-[38;2;0;102;255m-[38;2;0;102;255m-[38;2;0;102;255m-[38;2;0;102;255m-[38;2;0;102;255m-[38;2;0;99;246m-   [38;2;28;38;53m.[38;2;121;168;239m*[38;2;128;179;255m*[38;2;128;179;255m*[38;2;128;179;255m*[38;2;128;179;255m*[38;2;128;179;255m*[38;2;49;62;83m:  [38;2;48;48;48m.[38;2;255;255;255m@[38;2;146;146;146m+        [0m
        [38;2;146;146;146m+[38;2;255;255;255m@[38;2;48;48;48m.  [38;2;54;64;79m:[38;2;175;207;255m#[38;2;176;207;255m%[38;2;177;208;255m%[38;2;178;209;255m%[38;2;179;209;255m%[38;2;180;210;255m%[38;2;181;211;255m%[38;2;182;211;255m%[38;2;183;212;255m%[38;2;184;213;255m%[38;2;185;213;255m%[38;2;187;214;255m%[38;2;188;215;255m%[38;2;189;215;255m%[38;2;190;216;255m%[38;2;191;216;255m%[38;2;192;217;255m%[38;2;193;218;255m%[38;2;194;218;255m%[38;2;195;219;255m%[38;2;196;220;255m%[38;2;197;220;255m%[38;2;198;221;255m%[38;2;199;222;255m%[38;2;200;222;255m%[38;2;201;223;255m%[38;2;202;223;255m%[38;2;203;224;255m%[38;2;205;225;255m%[38;2;206;225;255m%[38;2;207;226;255m%[38;2;208;227;255m%[38;2;209;227;255m%[38;2;210;228;255m%[38;2;211;229;255m%[38;2;212;229;255m%[38;2;213;230;255m%[38;2;214;231;255m%[38;2;215;231;255m%[38;2;199;213;234m%[38;2;145;155;170m*[38;2;88;94;103m-[38;2;32;34;37m.    [38;2;1;39;95m.[38;2;1;66;163m:[38;2;1;92;229m-[38;2;0;102;255m-[38;2;0;102;255m-[38;2;0;102;255m-[38;2;0;102;255m-[38;2;0;102;255m-[38;2;0;102;255m-[38;2;0;102;255m-[38;2;0;102;255m-[38;2;0;102;255m-[38;2;0;102;255m-[38;2;0;102;255m-[38;2;0;102;255m-[38;2;1;85;210m:   [38;2;60;84;118m-[38;2;128;179;255m*[38;2;128;179;255m*[38;2;128;179;255m*[38;2;128;179;255m*[38;2;128;179;255m*[38;2;48;62;83m:  [38;2;48;48;48m.[38;2;255;255;255m@[38;2;146;146;146m+        [0m
        [38;2;146;146;146m+[38;2;255;255;255m@[38;2;48;48;48m.  [38;2;54;64;79m:[38;2;175;207;255m#[38;2;176;207;255m%[38;2;177;208;255m%[38;2;178;209;255m%[38;2;179;209;255m%[38;2;180;210;255m%[38;2;181;211;255m%[38;2;182;211;255m%[38;2;183;212;255m%[38;2;184;213;255m%[38;2;185;213;255m%[38;2;187;214;255m%[38;2;188;215;255m%[38;2;189;215;255m%[38;2;190;216;255m%[38;2;191;216;255m%[38;2;192;217;255m%[38;2;193;218;255m%[38;2;194;218;255m%[38;2;195;219;255m%[38;2;196;220;255m%[38;2;197;220;255m%[38;2;198;221;255m%[38;2;199;222;255m%[38;2;200;222;255m%[38;2;201;223;255m%[38;2;202;223;255m%[38;2;203;224;255m%[38;2;205;225;255m%[38;2;206;225;255m%[38;2;207;226;255m%[38;2;208;227;255m%[38;2;209;227;255m%[38;2;210;228;255m%[38;2;211;229;255m%[38;2;211;229;255m%[38;2;172;186;206m#[38;2;117;126;139m=[38;2;61;66;72m:     [38;2;2;48;115m.[38;2;2;77;190m:[38;2;1;99;247m-[38;2;0;102;255m-[38;2;0;102;255m-[38;2;0;102;255m-[38;2;0;102;255m-[38;2;0;102;255m-[38;2;0;102;255m-[38;2;0;102;255m-[38;2;0;102;255m-[38;2;0;102;255m-[38;2;0;102;255m-[38;2;0;102;255m-[38;2;0;102;255m-[38;2;0;102;255m-[38;2;0;102;255m-[38;2;0;102;255m-[38;2;0;102;255m-[38;2;1;60;149m:   [38;2;94;131;187m+[38;2;128;179;255m*[38;2;128;179;255m*[38;2;128;179;255m*[38;2;128;179;255m*[38;2;46;61;84m:  [38;2;48;48;48m.[38;2;255;255;255m@[38;2;146;146;146m+        [0m
        [38;2;146;146;146m+[38;2;255;255;255m@[38;2;48;48;48m.  [38;2;54;64;79m:[38;2;175;207;255m#[38;2;176;207;255m%[38;2;177;208;255m%[38;2;178;209;255m%[38;2;179;209;255m%[38;2;180;210;255m%[38;2;181;211;255m%[38;2;182;211;255m%[38;2;183;212;255m%[38;2;184;213;255m%[38;2;185;213;255m%[38;2;187;214;255m%[38;2;188;215;255m%[38;2;189;215;255m%[38;2;190;216;255m%[38;2;191;216;255m%[38;2;192;217;255m%[38;2;193;218;255m%[38;2;194;218;255m%[38;2;195;219;255m%[38;2;196;220;255m%[38;2;197;220;255m%[38;2;198;221;255m%[38;2;199;222;255m%[38;2;200;222;255m%[38;2;201;223;255m%[38;2;202;223;255m%[38;2;203;224;255m%[38;2;205;225;255m%[38;2;206;225;255m%[38;2;207;226;255m%[38;2;208;227;255m%[38;2;209;227;255m%[38;2;210;228;255m%[38;2;144;156;174m*[38;2;46;49;55m.                                [38;2;25;33;46m.[38;2;24;33;46m.[38;2;24;33;47m.[38;2;24;34;48m.   [38;2;47;47;47m.[38;2;255;255;255m@[38;2;146;146;146m+        [0m
        [38;2;146;146;146m+[38;2;255;255;255m@[38;2;48;48;48m.  [38;2;54;64;79m:[38;2;175;207;255m#[38;2;176;207;255m%[38;2;177;208;255m%[38;2;178;209;255m%[38;2;179;209;255m%[38;2;180;210;255m%[38;2;181;211;255m%[38;2;182;211;255m%[38;2;183;212;255m%[38;2;184;213;255m%[38;2;185;213;255m%[38;2;187;214;255m%[38;2;188;215;255m%[38;2;189;215;255m%[38;2;190;216;255m%[38;2;191;216;255m%[38;2;192;217;255m%[38;2;193;218;255m%[38;2;194;218;255m%[38;2;195;219;255m%[38;2;196;220;255m%[38;2;197;220;255m%[38;2;198;221;255m%[38;2;199;222;255m%[38;2;200;222;255m%[38;2;201;223;255m%[38;2;202;223;255m%[38;2;203;224;255m%[38;2;205;225;255m%[38;2;206;225;255m%[38;2;207;226;255m%[38;2;208;227;255m%[38;2;209;227;255m%[38;2;210;228;255m%[38;2;70;76;85m:                                        [38;2;47;47;47m.[38;2;255;255;255m@[38;2;146;146;146m+        [0m
        [38;2;146;146;146m+[38;2;255;255;255m@[38;2;48;48;48m.  [38;2;54;64;79m:[38;2;175;207;255m#[38;2;176;207;255m%[38;2;177;208;255m%[38;2;178;209;255m%[38;2;179;209;255m%[38;2;180;210;255m%[38;2;181;211;255m%[38;2;182;211;255m%[38;2;183;212;255m%[38;2;184;213;255m%[38;2;185;213;255m%[38;2;187;214;255m%[38;2;188;215;255m%[38;2;189;215;255m%[38;2;190;216;255m%[38;2;191;216;255m%[38;2;192;217;255m%[38;2;193;218;255m%[38;2;194;218;255m%[38;2;195;219;255m%[38;2;196;220;255m%[38;2;197;220;255m%[38;2;198;221;255m%[38;2;199;222;255m%[38;2;200;222;255m%[38;2;201;223;255m%[38;2;202;223;255m%[38;2;203;224;255m%[38;2;205;225;255m%[38;2;206;225;255m%[38;2;207;226;255m%[38;2;208;227;255m%[38;2;209;227;255m%[38;2;210;228;255m%[38;2;70;76;85m:     [38;2;3;65;159m:[38;2;0;68;170m:[38;2;0;68;170m:[38;2;0;68;170m:[38;2;0;68;170m:[38;2;0;68;170m:[38;2;0;68;170m:[38;2;0;68;170m:[38;2;0;68;170m:[38;2;0;68;170m:[38;2;0;68;170m:[38;2;0;68;170m:[38;2;0;68;170m:[38;2;0;68;170m:[38;2;0;68;170m:[38;2;0;68;170m:[38;2;0;68;170m:[38;2;0;68;170m:[38;2;0;68;170m:[38;2;0;68;170m:[38;2;0;68;170m:[38;2;0;68;170m:[38;2;0;68;170m:[38;2;0;68;170m:[38;2;0;68;170m:[38;2;0;68;170m:[38;2;0;68;170m:[38;2;0;68;170m:[38;2;0;68;170m:[38;2;0;68;170m:[38;2;0;68;170m:[38;2;0;68;170m:   [38;2;48;48;48m.[38;2;255;255;255m@[38;2;146;146;146m+        [0m
        [38;2;146;146;146m+[38;2;255;255;255m@[38;2;48;48;48m.  [38;2;54;64;79m:[38;2;175;207;255m#[38;2;176;207;255m%[38;2;177;208;255m%[38;2;178;209;255m%[38;2;179;209;255m%[38;2;180;210;255m%[38;2;181;211;255m%[38;2;182;211;255m%[38;2;183;212;255m%[38;2;184;213;255m%[38;2;185;213;255m%[38;2;187;214;255m%[38;2;188;215;255m%[38;2;189;215;255m%[38;2;190;216;255m%[38;2;191;216;255m%[38;2;192;217;255m%[38;2;193;218;255m%[38;2;194;218;255m%[38;2;195;219;255m%[38;2;196;220;255m%[38;2;197;220;255m%[38;2;198;221;255m%[38;2;199;222;255m%[38;2;200;222;255m%[38;2;201;223;255m%[38;2;202;223;255m%[38;2;203;224;255m%[38;2;205;225;255m%[38;2;206;225;255m%[38;2;207;226;255m%[38;2;208;227;255m%[38;2;209;227;255m%[38;2;210;228;255m%[38;2;70;76;85m:      [38;2;3;62;150m:[38;2;0;68;170m:[38;2;0;68;170m:[38;2;0;68;170m:[38;2;0;68;170m:[38;2;0;68;170m:[38;2;0;68;170m:[38;2;0;68;170m:[38;2;0;68;170m:[38;2;0;68;170m:[38;2;0;68;170m:[38;2;0;68;170m:[38;2;0;68;170m:[38;2;0;68;170m:[38;2;0;68;170m:[38;2;0;68;170m:[38;2;0;68;170m:[38;2;0;68;170m:[38;2;0;68;170m:[38;2;0;68;170m:[38;2;0;68;170m:[38;2;0;68;170m:[38;2;0;68;170m:[38;2;0;68;170m:[38;2;0;68;170m:[38;2;0;68;170m:[38;2;0;68;170m:[38;2;0;68;170m:[38;2;0;68;170m:[38;2;0;68;170m:[38;2;0;68;170m:   [38;2;48;48;48m.[38;2;255;255;255m@[38;2;146;146;146m+        [0m
        [38;2;146;146;146m+[38;2;255;255;255m@[38;2;48;48;48m.  [38;2;54;64;79m:[38;2;175;207;255m#[38;2;176;207;255m%[38;2;177;208;255m%[38;2;178;209;255m%[38;2;179;209;255m%[38;2;180;210;255m%[38;2;181;211;255m%[38;2;182;211;255m%[38;2;183;212;255m%[38;2;184;213;255m%[38;2;185;213;255m%[38;2;187;214;255m%[38;2;188;215;255m%[38;2;189;215;255m%[38;2;190;216;255m%[38;2;191;216;255m%[38;2;192;217;255m%[38;2;193;218;255m%[38;2;194;218;255m%[38;2;195;219;255m%[38;2;196;220;255m%[38;2;197;220;255m%[38;2;198;221;255m%[38;2;199;222;255m%[38;2;200;222;255m%[38;2;201;223;255m%[38;2;202;223;255m%[38;2;203;224;255m%[38;2;205;225;255m%[38;2;206;225;255m%[38;2;207;226;255m%[38;2;208;227;255m%[38;2;209;227;255m%[38;2;210;228;255m%[38;2;70;76;85m:       [38;2;2;57;140m:[38;2;0;68;170m:[38;2;0;68;170m:[38;2;0;68;170m:[38;2;0;68;170m:[38;2;0;68;170m:[38;2;0;68;170m:[38;2;0;68;170m:[38;2;0;68;170m:[38;2;0;68;170m:[38;2;0;68;170m:[38;2;0;68;170m:[38;2;0;68;170m:[38;2;0;68;170m:[38;2;0;68;170m:[38;2;0;68;170m:[38;2;0;68;170m:[38;2;0;68;170m:[38;2;0;68;170m:[38;2;0;68;170m:[38;2;0;68;170m:[38;2;0;68;170m:[38;2;0;68;170m:[38;2;0;68;170m:[38;2;0;68;170m:[38;2;0;68;170m:[38;2;0;68;170m:[38;2;0;68;170m:[38;2;0;68;170m:[38;2;0;68;170m:   [38;2;48;48;48m.[38;2;255;255;255m@[38;2;146;146;146m+        [0m
        [38;2;146;146;146m+[38;2;255;255;255m@[38;2;48;48;48m.  [38;2;54;64;79m:[38;2;175;207;255m#[38;2;176;207;255m%[38;2;177;208;255m%[38;2;178;209;255m%[38;2;179;209;255m%[38;2;180;210;255m%[38;2;181;211;255m%[38;2;182;211;255m%[38;2;183;212;255m%[38;2;184;213;255m%[38;2;185;213;255m%[38;2;187;214;255m%[38;2;188;215;255m%[38;2;189;215;255m%[38;2;190;216;255m%[38;2;191;216;255m%[38;2;192;217;255m%[38;2;193;218;255m%[38;2;194;218;255m%[38;2;195;219;255m%[38;2;196;220;255m%[38;2;197;220;255m%[38;2;198;221;255m%[38;2;199;222;255m%[38;2;200;222;255m%[38;2;201;223;255m%[38;2;202;223;255m%[38;2;203;224;255m%[38;2;205;225;255m%[38;2;206;225;255m%[38;2;207;226;255m%[38;2;208;227;255m%[38;2;209;227;255m%[38;2;210;228;255m%[38;2;70;76;85m:  [38;2;0;35;88m.[38;2;3;92;226m-[38;2;4;31;73m.   [38;2;2;49;119m.[38;2;0;68;170m:[38;2;0;68;170m:[38;2;0;68;170m:[38;2;0;68;170m:[38;2;0;68;170m:[38;2;0;68;170m:[38;2;0;68;170m:[38;2;0;68;170m:[38;2;0;68;170m:[38;2;0;68;170m:[38;2;0;68;170m:[38;2;0;68;170m:[38;2;0;68;170m:[38;2;0;68;170m:[38;2;0;68;170m:[38;2;0;68;170m:[38;2;0;68;170m:[38;2;0;68;170m:[38;2;0;68;170m:[38;2;0;68;170m:[38;2;0;68;170m:[38;2;0;68;170m:[38;2;0;68;170m:[38;2;0;68;170m:[38;2;0;68;170m:[38;2;0;68;170m:[38;2;0;68;170m:[38;2;0;68;170m:   [38;2;48;48;48m.[38;2;255;255;255m@[38;2;146;146;146m+        [0m
        [38;2;146;146;146m+[38;2;255;255;255m@[38;2;48;48;48m.  [38;2;54;64;79m:[38;2;175;207;255m#[38;2;176;207;255m%[38;2;177;208;255m%[38;2;178;209;255m%[38;2;179;209;255m%[38;2;180;210;255m%[38;2;181;211;255m%[38;2;182;211;255m%[38;2;183;212;255m%[38;2;184;213;255m%[38;2;185;213;255m%[38;2;187;214;255m%[38;2;188;215;255m%[38;2;189;215;255m%[38;2;190;216;255m%[38;2;191;216;255m%[38;2;192;217;255m%[38;2;193;218;255m%[38;2;194;218;255m%[38;2;195;219;255m%[38;2;196;220;255m%[38;2;197;220;255m%[38;2;198;221;255m%[38;2;199;222;255m%[38;2;200;222;255m%[38;2;201;223;255m%[38;2;202;223;255m%[38;2;203;224;255m%[38;2;205;225;255m%[38;2;206;225;255m%[38;2;207;226;255m%[38;2;208;227;255m%[38;2;209;227;255m%[38;2;210;228;255m%[38;2;70;76;85m:  [38;2;0;35;87m.[38;2;0;102;255m-[38;2;2;99;246m-[38;2;4;45;107m.   [38;2;2;44;107m.[38;2;0;68;170m:[38;2;0;68;170m:[38;2;0;68;170m:[38;2;0;68;170m:[38;2;0;68;170m:[38;2;0;68;170m:[38;2;0;68;170m:[38;2;0;68;170m:[38;2;0;68;170m:[38;2;0;68;170m:[38;2;0;68;170m:[38;2;0;68;170m:[38;2;0;68;170m:[38;2;0;68;170m:[38;2;0;68;170m:[38;2;0;68;170m:[38;2;0;68;170m:[38;2;0;68;170m:[38;2;0;68;170m:[38;2;0;68;170m:[38;2;0;68;170m:[38;2;0;68;170m:[38;2;0;68;170m:[38;2;0;68;170m:[38;2;0;68;170m:[38;2;0;68;170m:[38;2;0;68;170m:   [38;2;48;48;48m.[38;2;255;255;255m@[38;2;146;146;146m+        [0m
        [38;2;146;146;146m+[38;2;255;255;255m@[38;2;48;48;48m.  [38;2;54;64;79m:[38;2;175;207;255m#[38;2;176;207;255m%[38;2;177;208;255m%[38;2;178;209;255m%[38;2;179;209;255m%[38;2;180;210;255m%[38;2;181;211;255m%[38;2;182;211;255m%[38;2;183;212;255m%[38;2;184;213;255m%[38;2;185;213;255m%[38;2;187;214;255m%[38;2;188;215;255m%[38;2;189;215;255m%[38;2;190;216;255m%[38;2;191;216;255m%[38;2;192;217;255m%[38;2;193;218;255m%[38;2;194;218;255m%[38;2;195;219;255m%[38;2;196;220;255m%[38;2;197;220;255m%[38;2;198;221;255m%[38;2;199;222;255m%[38;2;200;222;255m%[38;2;201;223;255m%[38;2;202;223;255m%[38;2;203;224;255m%[38;2;205;225;255m%[38;2;206;225;255m%[38;2;207;226;255m%[38;2;208;227;255m%[38;2;209;227;255m%[38;2;210;228;255m%[38;2;70;76;85m:  [38;2;0;34;86m.[38;2;0;102;255m-[38;2;0;102;255m-[38;2;1;101;252m-[38;2;5;58;138m:   [38;2;1;43;104m.[38;2;0;68;170m:[38;2;0;68;170m:[38;2;0;68;170m:[38;2;0;68;170m:[38;2;0;68;170m:[38;2;0;68;170m:[38;2;0;68;170m:[38;2;0;68;170m:[38;2;0;68;170m:[38;2;0;68;170m:[38;2;0;68;170m:[38;2;0;68;170m:[38;2;0;68;170m:[38;2;0;68;170m:[38;2;0;68;170m:[38;2;0;68;170m:[38;2;0;68;170m:[38;2;0;68;170m:[38;2;0;68;170m:[38;2;0;68;170m:[38;2;0;68;170m:[38;2;0;68;170m:[38;2;0;68;170m:[38;2;0;68;170m:[38;2;0;68;170m:[38;2;0;68;170m:   [38;2;48;48;48m.[38;2;255;255;255m@[38;2;146;146;146m+        [0m
        [38;2;146;146;146m+[38;2;255;255;255m@[38;2;48;48;48m.  [38;2;54;64;79m:[38;2;175;207;255m#[38;2;176;207;255m%[38;2;177;208;255m%[38;2;178;209;255m%[38;2;179;209;255m%[38;2;180;210;255m%[38;2;181;211;255m%[38;2;182;211;255m%[38;2;183;212;255m%[38;2;184;213;255m%[38;2;185;213;255m%[38;2;187;214;255m%[38;2;188;215;255m%[38;2;189;215;255m%[38;2;190;216;255m%[38;2;191;216;255m%[38;2;192;217;255m%[38;2;193;218;255m%[38;2;194;218;255m%[38;2;195;219;255m%[38;2;196;220;255m%[38;2;197;220;255m%[38;2;198;221;255m%[38;2;199;222;255m%[38;2;200;222;255m%[38;2;201;223;255m%[38;2;202;223;255m%[38;2;203;224;255m%[38;2;205;225;255m%[38;2;206;225;255m%[38;2;207;226;255m%[38;2;208;227;255m%[38;2;209;227;255m%[38;2;210;228;255m%[38;2;70;76;85m:  [38;2;0;34;85m.[38;2;0;102;255m-[38;2;0;102;255m-[38;2;0;102;255m-[38;2;0;102;255m-[38;2;4;69;167m:   [38;2;1;35;86m.[38;2;0;67;167m:[38;2;0;68;170m:[38;2;0;68;170m:[38;2;0;68;170m:[38;2;0;68;170m:[38;2;0;68;170m:[38;2;0;68;170m:[38;2;0;68;170m:[38;2;0;68;170m:[38;2;0;68;170m:[38;2;0;68;170m:[38;2;0;68;170m:[38;2;0;68;170m:[38;2;0;68;170m:[38;2;0;68;170m:[38;2;0;68;170m:[38;2;0;68;170m:[38;2;0;68;170m:[38;2;0;68;170m:[38;2;0;68;170m:[38;2;0;68;170m:[38;2;0;68;170m:[38;2;0;68;170m:[38;2;0;68;170m:[38;2;0;68;170m:   [38;2;48;48;48m.[38;2;255;255;255m@[38;2;146;146;146m+        [0m
        [38;2;146;146;146m+[38;2;255;255;255m@[38;2;48;48;48m.  [38;2;54;64;79m:[38;2;175;207;255m#[38;2;176;207;255m%[38;2;177;208;255m%[38;2;178;209;255m%[38;2;179;209;255m%[38;2;180;210;255m%[38;2;181;211;255m%[38;2;182;211;255m%[38;2;183;212;255m%[38;2;184;213;255m%[38;2;185;213;255m%[38;2;187;214;255m%[38;2;188;215;255m%[38;2;189;215;255m%[38;2;190;216;255m%[38;2;191;216;255m%[38;2;192;217;255m%[38;2;193;218;255m%[38;2;194;218;255m%[38;2;195;219;255m%[38;2;196;220;255m%[38;2;197;220;255m%[38;2;198;221;255m%[38;2;199;222;255m%[38;2;200;222;255m%[38;2;201;223;255m%[38;2;202;223;255m%[38;2;203;224;255m%[38;2;205;225;255m%[38;2;206;225;255m%[38;2;207;226;255m%[38;2;208;227;255m%[38;2;209;227;255m%[38;2;210;228;255m%[38;2;70;76;85m:  [38;2;1;35;85m.[38;2;0;102;255m-[38;2;0;102;255m-[38;2;0;102;255m-[38;2;0;102;255m-[38;2;0;102;255m-[38;2;3;81;198m:    [38;2;0;64;158m:[38;2;0;68;170m:[38;2;0;68;170m:[38;2;0;68;170m:[38;2;0;68;170m:[38;2;0;68;170m:[38;2;0;68;170m:[38;2;0;68;170m:[38;2;0;68;170m:[38;2;0;68;170m:[38;2;0;68;170m:[38;2;0;68;170m:[38;2;0;68;170m:[38;2;0;68;170m:[38;2;0;68;170m:[38;2;0;68;170m:[38;2;0;68;170m:[38;2;0;68;170m:[38;2;0;68;170m:[38;2;0;68;170m:[38;2;0;68;170m:[38;2;0;68;170m:[38;2;0;68;170m:[38;2;0;68;170m:   [38;2;48;48;48m.[38;2;255;255;255m@[38;2;146;146;146m+        [0m
        [38;2;146;146;146m+[38;2;255;255;255m@[38;2;48;48;48m.  [38;2;54;64;79m:[38;2;175;207;255m#[38;2;176;207;255m%[38;2;177;208;255m%[38;2;178;209;255m%[38;2;179;209;255m%[38;2;180;210;255m%[38;2;181;211;255m%[38;2;182;211;255m%[38;2;183;212;255m%[38;2;184;213;255m%[38;2;185;213;255m%[38;2;187;214;255m%[38;2;188;215;255m%[38;2;189;215;255m%[38;2;190;216;255m%[38;2;191;216;255m%[38;2;192;217;255m%[38;2;193;218;255m%[38;2;194;218;255m%[38;2;195;219;255m%[38;2;196;220;255m%[38;2;197;220;255m%[38;2;198;221;255m%[38;2;199;222;255m%[38;2;200;222;255m%[38;2;201;223;255m%[38;2;202;223;255m%[38;2;203;224;255m%[38;2;205;225;255m%[38;2;206;225;255m%[38;2;207;226;255m%[38;2;208;227;255m%[38;2;209;227;255m%[38;2;210;228;255m%[38;2;70;76;85m:  [38;2;2;35;85m.[38;2;0;102;255m-[38;2;0;102;255m-[38;2;0;102;255m-[38;2;0;102;255m-[38;2;0;102;255m-[38;2;0;102;255m-[38;2;2;85;210m-    [38;2;0;60;149m:[38;2;0;68;170m:[38;2;0;68;170m:[38;2;0;68;170m:[38;2;0;68;170m:[38;2;0;68;170m:[38;2;0;68;170m:[38;2;0;68;170m:[38;2;0;68;170m:[38;2;0;68;170m:[38;2;0;68;170m:[38;2;0;68;170m:[38;2;0;68;170m:[38;2;0;68;170m:[38;2;0;68;170m:[38;2;0;68;170m:[38;2;0;68;170m:[38;2;0;68;170m:[38;2;0;68;170m:[38;2;0;68;170m:[38;2;0;68;170m:[38;2;0;68;170m:[38;2;0;68;170m:   [38;2;48;48;48m.[38;2;255;255;255m@[38;2;146;146;146m+        [0m
        [38;2;146;146;146m+[38;2;255;255;255m@[38;2;48;48;48m.  [38;2;29;34;42m.[38;2;119;141;174m+[38;2;163;193;237m#[38;2;177;208;255m%[38;2;178;209;255m%[38;2;179;209;255m%[38;2;180;210;255m%[38;2;181;211;255m%[38;2;182;211;255m%[38;2;183;212;255m%[38;2;184;213;255m%[38;2;185;213;255m%[38;2;187;214;255m%[38;2;188;215;255m%[38;2;189;215;255m%[38;2;190;216;255m%[38;2;191;216;255m%[38;2;192;217;255m%[38;2;193;218;255m%[38;2;194;218;255m%[38;2;195;219;255m%[38;2;196;220;255m%[38;2;197;220;255m%[38;2;198;221;255m%[38;2;199;222;255m%[38;2;200;222;255m%[38;2;201;223;255m%[38;2;202;223;255m%[38;2;203;224;255m%[38;2;205;225;255m%[38;2;206;225;255m%[38;2;207;226;255m%[38;2;208;227;255m%[38;2;209;227;255m%[38;2;210;228;255m%[38;2;70;76;85m:  [38;2;3;36;85m.[38;2;0;102;255m-[38;2;0;102;255m-[38;2;0;102;255m-[38;2;0;102;255m-[38;2;0;102;255m-[38;2;0;102;255m-[38;2;0;102;255m-[38;2;2;90;221m-    [38;2;0;55;138m.[38;2;0;68;170m:[38;2;0;68;170m:[38;2;0;68;170m:[38;2;0;68;170m:[38;2;0;68;170m:[38;2;0;68;170m:[38;2;0;68;170m:[38;2;0;68;170m:[38;2;0;68;170m:[38;2;0;68;170m:[38;2;0;68;170m:[38;2;0;68;170m:[38;2;0;68;170m:[38;2;0;68;170m:[38;2;0;68;170m:[38;2;0;68;170m:[38;2;0;68;170m:[38;2;0;68;170m:[38;2;0;68;170m:[38;2;0;58;145m:[38;2;0;39;97m.   [38;2;48;48;48m.[38;2;255;255;255m@[38;2;146;146;146m+        [0m
        [38;2;122;122;122m=[38;2;255;255;255m@[38;2;139;139;139m+[38;2;32;32;32m.    [38;2;58;68;83m:[38;2;110;129;157m=[38;2;156;183;223m#[38;2;180;210;255m%[38;2;181;211;255m%[38;2;182;211;255m%[38;2;183;212;255m%[38;2;184;213;255m%[38;2;185;213;255m%[38;2;187;214;255m%[38;2;188;215;255m%[38;2;189;215;255m%[38;2;190;216;255m%[38;2;191;216;255m%[38;2;192;217;255m%[38;2;193;218;255m%[38;2;194;218;255m%[38;2;195;219;255m%[38;2;196;220;255m%[38;2;197;220;255m%[38;2;198;221;255m%[38;2;199;222;255m%[38;2;200;222;255m%[38;2;201;223;255m%[38;2;202;223;255m%[38;2;203;224;255m%[38;2;205;225;255m%[38;2;206;225;255m%[38;2;207;226;255m%[38;2;208;227;255m%[38;2;209;227;255m%[38;2;210;228;255m%[38;2;70;76;85m:  [38;2;4;36;85m.[38;2;0;102;255m-[38;2;0;102;255m-[38;2;0;102;255m-[38;2;0;102;255m-[38;2;0;102;255m-[38;2;0;102;255m-[38;2;0;102;255m-[38;2;0;102;255m-[38;2;2;95;236m-[38;2;3;35;83m.   [38;2;0;50;126m.[38;2;0;68;170m:[38;2;0;68;170m:[38;2;0;68;170m:[38;2;0;68;170m:[38;2;0;68;170m:[38;2;0;68;170m:[38;2;0;68;170m:[38;2;0;68;170m:[38;2;0;68;170m:[38;2;0;68;170m:[38;2;0;68;170m:[38;2;0;68;170m:[38;2;0;68;170m:[38;2;0;68;170m:[38;2;0;68;169m:[38;2;0;57;141m.[38;2;0;38;94m.     [38;2;31;31;31m.[38;2;139;139;139m+[38;2;255;255;255m@[38;2;122;122;122m=        [0m
         [38;2;92;92;92m-[38;2;166;166;166m*[38;2;221;221;221m%[38;2;201;201;201m#[38;2;140;140;140m+[38;2;79;79;79m-    [38;2;38;44;54m.[38;2;82;95;115m-[38;2;126;146;176m+[38;2;169;195;235m#[38;2;184;213;255m%[38;2;185;213;255m%[38;2;187;214;255m%[38;2;188;215;255m%[38;2;189;215;255m%[38;2;190;216;255m%[38;2;191;216;255m%[38;2;192;217;255m%[38;2;193;218;255m%[38;2;194;218;255m%[38;2;195;219;255m%[38;2;196;220;255m%[38;2;197;220;255m%[38;2;198;221;255m%[38;2;199;222;255m%[38;2;200;222;255m%[38;2;201;223;255m%[38;2;202;223;255m%[38;2;203;224;255m%[38;2;205;225;255m%[38;2;206;225;255m%[38;2;207;226;255m%[38;2;208;227;255m%[38;2;209;227;255m%[38;2;210;228;255m%[38;2;70;76;85m:  [38;2;5;37;85m.[38;2;0;102;255m-[38;2;0;102;255m-[38;2;0;102;255m-[38;2;0;102;255m-[38;2;0;102;255m-[38;2;1;101;252m-[38;2;1;93;232m-[38;2;1;84;210m:[38;2;1;76;189m:[38;2;2;66;161m:    [38;2;0;45;113m.[38;2;0;68;170m:[38;2;0;68;170m:[38;2;0;68;170m:[38;2;0;68;170m:[38;2;0;68;170m:[38;2;0;68;170m:[38;2;0;68;170m:[38;2;0;68;170m:[38;2;0;68;170m:[38;2;0;68;170m:[38;2;2;65;160m:[38;2;1;48;118m.[38;2;0;30;75m.     [38;2;78;78;78m-[38;2;139;139;139m+[38;2;200;200;200m#[38;2;224;224;224m%[38;2;166;166;166m*[38;2;92;92;92m-         [0m
            [38;2;62;62;62m:[38;2;127;127;127m=[38;2;197;197;197m#[38;2;235;235;235m@[38;2;177;177;177m*[38;2;103;103;103m=[38;2;37;37;37m.    [38;2;51;59;71m:[38;2;100;115;138m=[38;2;160;183;219m#[38;2;187;214;254m%[38;2;189;215;255m%[38;2;190;216;255m%[38;2;191;216;255m%[38;2;192;217;255m%[38;2;193;218;255m%[38;2;194;218;255m%[38;2;195;219;255m%[38;2;196;220;255m%[38;2;197;220;255m%[38;2;198;221;255m%[38;2;199;222;255m%[38;2;200;222;255m%[38;2;201;223;255m%[38;2;202;223;255m%[38;2;203;224;255m%[38;2;205;225;255m%[38;2;206;225;255m%[38;2;207;226;255m%[38;2;208;227;255m%[38;2;208;227;254m%[38;2;198;215;241m%[38;2;63;68;76m:   [38;2;1;54;134m.[38;2;1;45;111m.[38;2;1;36;89m.            [38;2;0;42;105m.[38;2;0;68;170m:[38;2;0;68;170m:[38;2;0;68;170m:[38;2;0;68;170m:[38;2;0;68;170m:[38;2;0;68;170m:[38;2;0;62;156m:[38;2;1;41;102m.     [38;2;36;36;36m.[38;2;102;102;102m=[38;2;176;176;176m*[38;2;234;234;234m@[38;2;197;197;197m#[38;2;127;127;127m=[38;2;62;62;62m:            [0m
               [38;2;31;31;31m.[38;2;103;103;103m=[38;2;178;178;178m*[38;2;235;235;235m@[38;2;202;202;202m#[38;2;135;135;135m+[38;2;68;68;68m:    [38;2;40;45;54m.[38;2;89;101;120m-[38;2;139;159;187m*[38;2;183;207;245m%[38;2;192;217;255m%[38;2;193;218;255m%[38;2;194;218;255m%[38;2;195;219;255m%[38;2;196;220;255m%[38;2;197;220;255m%[38;2;197;220;253m%[38;2;185;205;236m#[38;2;168;186;214m#[38;2;151;167;192m*[38;2;134;148;169m+[38;2;115;127;145m=[38;2;96;106;120m=[38;2;79;86;98m-[38;2;61;67;76m:[38;2;43;47;53m.[38;2;25;27;31m.           [38;2;19;38;67m.[38;2;24;49;87m.[38;2;29;59;105m:[38;2;34;69;123m:[38;2;39;80;141m:[38;2;44;90;159m-[38;2;40;81;144m-   [38;2;0;35;88m.[38;2;0;67;168m:[38;2;0;68;170m:[38;2;0;58;145m:[38;2;0;39;97m.     [38;2;67;67;67m:[38;2;134;134;134m+[38;2;201;201;201m#[38;2;235;235;235m@[38;2;178;178;178m*[38;2;106;106;106m=[38;2;31;31;31m.               [0m
                   [38;2;81;81;81m-[38;2;147;147;147m+[38;2;216;216;216m%[38;2;231;231;231m@[38;2;166;166;166m*[38;2;99;99;99m-     [38;2;67;76;89m:[38;2;102;115;135m=[38;2;91;103;120m-[38;2;73;82;96m-[38;2;55;61;71m:[38;2;38;42;49m.           [38;2;14;27;47m.[38;2;17;35;62m.[38;2;22;45;80m.[38;2;28;58;102m:[38;2;33;68;120m:[38;2;39;79;139m:[38;2;44;89;157m-[38;2;49;99;175m-[38;2;53;109;192m=[38;2;55;113;200m=[38;2;55;113;200m=[38;2;55;113;200m=[38;2;55;113;200m=[38;2;55;113;200m=[38;2;55;113;200m=[38;2;55;113;200m=[38;2;55;113;200m=[38;2;55;113;200m=[38;2;47;94;164m-         [38;2;98;98;98m-[38;2;165;165;165m*[38;2;230;230;230m@[38;2;216;216;216m%[38;2;147;147;147m+[38;2;81;81;81m-                   [0m
                      [38;2;46;46;46m.[38;2;106;106;106m=[38;2;166;166;166m*[38;2;226;226;226m%[38;2;189;189;189m#[38;2;128;128;128m+[38;2;66;66;66m:        [38;2;20;37;61m.[38;2;24;45;77m.[38;2;28;54;93m:[38;2;33;64;109m:[38;2;38;73;127m:[38;2;42;83;145m-[38;2;46;92;161m-[38;2;50;101;177m-[38;2;55;110;193m=[38;2;55;113;200m=[38;2;55;113;200m=[38;2;55;113;200m=[38;2;55;113;200m=[38;2;55;113;200m=[38;2;55;113;200m=[38;2;55;113;200m=[38;2;55;113;200m=[38;2;55;113;200m=[38;2;55;113;200m=[38;2;55;113;200m=[38;2;55;113;200m=[38;2;55;113;200m=[38;2;55;113;200m=[38;2;55;113;200m=[38;2;55;113;200m=[38;2;55;113;200m=[38;2;55;110;193m=[38;2;46;88;152m-[38;2;33;61;104m:     [38;2;65;65;65m:[38;2;127;127;127m=[38;2;188;188;188m#[38;2;229;229;229m%[38;2;166;166;166m*[38;2;106;106;106m=[38;2;46;46;46m.                      [0m
                          [38;2;77;77;77m-[38;2;143;143;143m+[38;2;209;209;209m%[38;2;229;229;229m%[38;2;169;169;169m*[38;2;104;104;104m=[38;2;37;37;37m.    [38;2;27;44;70m.[38;2;40;73;122m:[38;2;53;101;174m-[38;2;56;114;200m=[38;2;55;113;200m=[38;2;55;113;200m=[38;2;55;113;200m=[38;2;55;113;200m=[38;2;55;113;200m=[38;2;55;113;200m=[38;2;55;113;200m=[38;2;55;113;200m=[38;2;55;113;200m=[38;2;55;113;200m=[38;2;55;113;200m=[38;2;55;113;200m=[38;2;55;113;200m=[38;2;55;113;200m=[38;2;55;113;200m=[38;2;55;113;200m=[38;2;55;113;200m=[38;2;55;113;200m=[38;2;55;113;200m=[38;2;50;101;177m-[38;2;36;71;124m:[38;2;22;42;71m.    [38;2;36;36;36m.[38;2;103;103;103m=[38;2;168;168;168m*[38;2;229;229;229m%[38;2;209;209;209m%[38;2;143;143;143m+[38;2;77;77;77m-                          [0m
                             [38;2;42;42;42m.[38;2;108;108;108m=[38;2;178;178;178m*[38;2;235;235;235m@[38;2;195;195;195m#[38;2;121;121;121m=[38;2;54;54;54m:    [38;2;16;28;45m.[38;2;31;60;104m:[38;2;46;93;163m-[38;2;55;112;198m=[38;2;55;113;200m=[38;2;55;113;200m=[38;2;55;113;200m=[38;2;55;113;200m=[38;2;55;113;200m=[38;2;55;113;200m=[38;2;55;113;200m=[38;2;55;113;200m=[38;2;55;113;200m=[38;2;55;113;200m=[38;2;55;113;200m=[38;2;55;113;200m=[38;2;55;112;199m=[38;2;47;94;165m-[38;2;31;61;107m:[38;2;15;28;48m.    [38;2;53;53;53m:[38;2;120;120;120m=[38;2;194;194;194m#[38;2;235;235;235m@[38;2;178;178;178m*[38;2;112;112;112m=[38;2;42;42;42m.                             [0m
                                 [38;2;86;86;86m-[38;2;158;158;158m*[38;2;227;227;227m%[38;2;219;219;219m%[38;2;152;152;152m+[38;2;85;85;85m-     [38;2;25;51;89m.[38;2;40;81;144m-[38;2;53;108;191m=[38;2;55;113;200m=[38;2;55;113;200m=[38;2;55;113;200m=[38;2;55;113;200m=[38;2;55;113;200m=[38;2;55;113;200m=[38;2;53;108;190m-[38;2;40;81;143m-[38;2;25;51;90m.     [38;2;84;84;84m-[38;2;151;151;151m+[38;2;218;218;218m%[38;2;227;227;227m%[38;2;158;158;158m*[38;2;86;86;86m-                                 [0m
                                    [38;2;57;57;57m:[38;2;117;117;117m=[38;2;181;181;181m#[38;2;226;226;226m%[38;2;190;190;190m#[38;2;122;122;122m=[38;2;54;54;54m:    [38;2;18;37;66m.[38;2;32;66;117m:[38;2;46;94;167m-[38;2;44;91;160m-[38;2;31;63;111m:[38;2;17;35;62m.    [38;2;54;54;54m:[38;2;121;121;121m=[38;2;189;189;189m#[38;2;229;229;229m%[38;2;181;181;181m#[38;2;117;117;117m=[38;2;57;57;57m:                                    [0m
                                        [38;2;77;77;77m-[38;2;149;149;149m+[38;2;220;220;220m%[38;2;224;224;224m%[38;2;157;157;157m*[38;2;90;90;90m-        [38;2;89;89;89m-[38;2;156;156;156m*[38;2;223;223;223m%[38;2;220;220;220m%[38;2;149;149;149m+[38;2;77;77;77m-                                        [0m
                                           [38;2;58;58;58m:[38;2;124;124;124m=[38;2;193;193;193m#[38;2;237;237;237m@[38;2;188;188;188m#[38;2;121;121;121m=[38;2;59;59;59m:[38;2;59;59;59m:[38;2;120;120;120m=[38;2;187;187;187m#[38;2;237;237;237m@[38;2;193;193;193m#[38;2;127;127;127m=[38;2;58;58;58m:                                           [0m
                                              [38;2;27;27;27m.[38;2;93;93;93m-[38;2;155;155;155m*[38;2;185;185;185m#[38;2;185;185;185m#[38;2;155;155;155m*[38;2;93;93;93m-[38;2;27;27;27m.                                              [0m
                                                                                                    [0m
