                  [38;2;55;55;55m:[38;2;99;99;99m-[38;2;99;99;99m-[38;2;55;55;55m:                  [0m
               [38;2;86;86;86m-[38;2;106;106;106m=[38;2;104;104;104m=[38;2;69;69;70m:[38;2;60;64;71m:[38;2;60;65;71m:[38;2;69;69;70m:[38;2;104;104;104m=[38;2;105;105;105m=[38;2;83;83;83m-               [0m
           [38;2;45;45;45m.[38;2;103;103;103m=[38;2;109;109;109m=[38;2;94;94;94m-[38;2;48;50;53m.[38;2;75;83;94m-[38;2;136;149;168m+[38;2;194;211;237m%[38;2;211;229;255m%[38;2;214;230;255m%[38;2;202;216;238m%[38;2;145;154;168m*[38;2;82;87;95m-[38;2;51;52;54m:[38;2;96;96;96m-[38;2;109;109;109m=[38;2;104;104;104m=[38;2;45;45;45m.           [0m
        [38;2;80;80;80m-[38;2;105;105;105m=[38;2;105;105;105m=[38;2;74;75;76m:[38;2;54;60;68m:[38;2;99;111;129m=[38;2;155;173;200m*[38;2;198;219;251m%[38;2;203;224;255m%[38;2;206;226;255m%[38;2;209;227;255m%[38;2;211;229;255m%[38;2;214;230;255m%[38;2;217;232;255m@[38;2;219;234;255m@[38;2;222;235;255m@[38;2;220;232;250m@[38;2;176;185;198m#[38;2;117;122;130m=[38;2;25;26;27m.[38;2;71;71;71m:[38;2;105;105;105m=[38;2;105;105;105m=[38;2;81;81;81m-        [0m
    [38;2;38;38;38m.[38;2;102;102;102m-[38;2;109;109;109m=[38;2;99;99;99m-[38;2;49;51;55m.[38;2;64;73;88m:[38;2;118;136;161m+[38;2;171;195;230m#[38;2;193;218;255m%[38;2;195;219;255m%[38;2;198;221;255m%[38;2;201;222;255m%[38;2;203;224;255m%[38;2;206;226;255m%[38;2;209;227;255m%[38;2;211;229;255m%[38;2;214;230;255m%[38;2;217;232;255m@[38;2;219;234;255m@[38;2;222;235;255m@[38;2;225;237;255m@[38;2;227;238;255m@[38;2;230;240;255m@[38;2;141;147;155m+ [38;2;69;93;129m-[38;2;47;66;94m:[38;2;46;51;58m.[38;2;98;98;98m-[38;2;109;109;109m=[38;2;99;99;99m-[38;2;38;38;38m.    [0m
   [38;2;141;141;141m+[38;2;87;87;87m-[38;2;34;38;46m.[38;2;86;102;125m-[38;2;139;163;198m*[38;2;180;208;252m%[38;2;184;213;255m%[38;2;187;214;255m%[38;2;190;216;255m%[38;2;193;218;255m%[38;2;195;219;255m%[38;2;198;221;255m%[38;2;201;222;255m%[38;2;203;224;255m%[38;2;206;226;255m%[38;2;209;227;255m%[38;2;211;229;255m%[38;2;214;230;255m%[38;2;217;232;255m@[38;2;219;234;255m@[38;2;222;235;255m@[38;2;225;237;255m@[38;2;227;238;255m@[38;2;230;240;255m@[38;2;232;241;254m@[38;2;76;78;82m-[38;2;36;47;64m.[38;2;127;176;250m*[38;2;127;178;253m*[38;2;102;142;203m+[38;2;64;90;128m-[38;2;26;32;42m.[38;2;85;85;85m-[38;2;141;141;141m+   [0m
   [38;2;164;164;164m* [38;2;92;109;135m=[38;2;176;208;255m%[38;2;179;210;255m%[38;2;182;211;255m%[38;2;184;213;255m%[38;2;187;214;255m%[38;2;190;216;255m%[38;2;193;218;255m%[38;2;195;219;255m%[38;2;198;221;255m%[38;2;201;222;255m%[38;2;203;224;255m%[38;2;206;226;255m%[38;2;209;227;255m%[38;2;211;229;255m%[38;2;214;230;255m%[38;2;217;232;255m@[38;2;219;234;255m@[38;2;222;235;255m@[38;2;225;237;255m@[38;2;227;238;255m@[38;2;230;240;255m@[38;2;233;242;255m@[38;2;209;216;226m% [38;2;66;91;128m-[38;2;128;179;255m*[38;2;128;179;255m*[38;2;128;179;255m*[38;2;66;89;122m- [38;2;164;164;164m*   [0m
   [38;2;164;164;164m* [38;2;92;109;135m=[38;2;176;208;255m%[38;2;179;210;255m%[38;2;182;211;255m%[38;2;184;213;255m%[38;2;187;214;255m%[38;2;190;216;255m%[38;2;193;218;255m%[38;2;195;219;255m%[38;2;198;221;255m%[38;2;201;222;255m%[38;2;203;224;255m%[38;2;206;226;255m%[38;2;209;227;255m%[38;2;211;229;255m%[38;2;214;230;255m%[38;2;217;232;255m@[38;2;219;234;255m@[38;2;222;235;255m@[38;2;225;237;255m@[38;2;219;229;245m%[38;2;165;173;183m*[38;2;100;104;110m=[38;2;33;45;63m.[38;2;0;33;82m. [38;2;100;139;196m+[38;2;128;179;255m*[38;2;128;179;255m*[38;2;68;91;126m- [38;2;164;164;164m*   [0m
   [38;2;164;164;164m* [38;2;92;109;135m=[38;2;176;208;255m%[38;2;179;210;255m%[38;2;182;211;255m%[38;2;184;213;255m%[38;2;187;214;255m%[38;2;190;216;255m%[38;2;193;218;255m%[38;2;195;219;255m%[38;2;198;221;255m%[38;2;201;222;255m%[38;2;203;224;255m%[38;2;206;226;255m%[38;2;209;227;255m%[38;2;211;229;255m%[38;2;214;230;255m%[38;2;216;232;255m@[38;2;188;200;219m#[38;2;129;136;148m+[38;2;68;73;81m:[38;2;12;35;69m.[38;2;0;50;125m.[38;2;0;79;197m:[38;2;0;101;251m-[38;2;0;102;255m-[38;2;0;44;110m.[38;2;24;33;46m.[38;2;123;171;244m*[38;2;128;179;255m*[38;2;67;91;126m- [38;2;164;164;164m*   [0m
   [38;2;164;164;164m* [38;2;92;109;135m=[38;2;176;208;255m%[38;2;179;210;255m%[38;2;182;211;255m%[38;2;184;213;255m%[38;2;187;214;255m%[38;2;190;216;255m%[38;2;193;218;255m%[38;2;195;219;255m%[38;2;198;221;255m%[38;2;201;222;255m%[38;2;203;224;255m%[38;2;206;226;255m%[38;2;209;227;255m%[38;2;170;184;206m#[38;2;98;105;117m=[38;2;39;41;46m.  [38;2;0;57;142m:[38;2;0;68;169m:[38;2;0;68;170m:[38;2;0;68;170m:[38;2;0;68;171m:[38;2;0;69;171m:[38;2;0;65;161m: [38;2;49;68;96m:[38;2;84;117;167m=[38;2;43;59;83m: [38;2;164;164;164m*   [0m
   [38;2;164;164;164m* [38;2;92;109;135m=[38;2;176;208;255m%[38;2;179;210;255m%[38;2;182;211;255m%[38;2;184;213;255m%[38;2;187;214;255m%[38;2;190;216;255m%[38;2;193;218;255m%[38;2;195;219;255m%[38;2;198;221;255m%[38;2;201;222;255m%[38;2;203;224;255m%[38;2;206;226;255m%[38;2;209;227;255m%[38;2;65;70;78m:  [38;2;0;44;111m.[38;2;0;44;111m.[38;2;0;45;111m.[38;2;0;45;112m.[38;2;0;45;112m.[38;2;0;45;112m.[38;2;0;45;112m.[38;2;0;45;112m.[38;2;0;45;112m.[38;2;0;45;112m.[38;2;0;45;112m.[38;2;0;45;112m.  [38;2;164;164;164m*   [0m
   [38;2;164;164;164m* [38;2;92;109;135m=[38;2;176;208;255m%[38;2;179;210;255m%[38;2;182;211;255m%[38;2;184;213;255m%[38;2;187;214;255m%[38;2;190;216;255m%[38;2;193;218;255m%[38;2;195;219;255m%[38;2;198;221;255m%[38;2;201;222;255m%[38;2;203;224;255m%[38;2;206;226;255m%[38;2;209;227;255m%[38;2;65;70;78m:  [38;2;2;34;82m.[38;2;0;67;168m:[38;2;0;68;170m:[38;2;0;68;170m:[38;2;0;68;170m:[38;2;0;68;170m:[38;2;0;68;170m:[38;2;0;68;170m:[38;2;0;68;170m:[38;2;0;68;170m:[38;2;0;68;170m:[38;2;0;68;170m:[38;2;0;34;85m. [38;2;164;164;164m*   [0m
   [38;2;164;164;164m* [38;2;92;109;135m=[38;2;176;208;255m%[38;2;179;210;255m%[38;2;182;211;255m%[38;2;184;213;255m%[38;2;187;214;255m%[38;2;190;216;255m%[38;2;193;218;255m%[38;2;195;219;255m%[38;2;198;221;255m%[38;2;201;222;255m%[38;2;203;224;255m%[38;2;206;226;255m%[38;2;209;227;255m%[38;2;65;70;78m:[38;2;0;32;79m.[38;2;1;92;228m-  [38;2;0;66;166m:[38;2;0;68;170m:[38;2;0;68;170m:[38;2;0;68;170m:[38;2;0;68;170m:[38;2;0;68;170m:[38;2;0;68;170m:[38;2;0;68;170m:[38;2;0;68;170m:[38;2;0;68;170m:[38;2;0;34;86m. [38;2;164;164;164m*   [0m
   [38;2;164;164;164m* [38;2;92;109;135m=[38;2;176;208;255m%[38;2;179;210;255m%[38;2;182;211;255m%[38;2;184;213;255m%[38;2;187;214;255m%[38;2;190;216;255m%[38;2;193;218;255m%[38;2;195;219;255m%[38;2;198;221;255m%[38;2;201;222;255m%[38;2;203;224;255m%[38;2;206;226;255m%[38;2;209;227;255m%[38;2;65;70;78m:[38;2;1;32;78m.[38;2;0;102;255m-[38;2;1;96;239m-[38;2;1;31;76m. [38;2;0;64;159m:[38;2;0;68;170m:[38;2;0;68;170m:[38;2;0;68;170m:[38;2;0;68;170m:[38;2;0;68;170m:[38;2;0;68;170m:[38;2;0;68;170m:[38;2;0;68;170m:[38;2;0;35;86m. [38;2;164;164;164m*   [0m
   [38;2;136;136;136m+[38;2;93;93;93m-[38;2;37;42;49m.[38;2;83;98;120m-[38;2;134;157;191m*[38;2;177;206;249m#[38;2;184;213;255m%[38;2;187;214;255m%[38;2;190;216;255m%[38;2;193;218;255m%[38;2;195;219;255m%[38;2;198;221;255m%[38;2;201;222;255m%[38;2;203;224;255m%[38;2;206;226;255m%[38;2;209;227;255m%[38;2;65;70;78m:[38;2;2;32;78m.[38;2;0;102;255m-[38;2;0;102;255m-[38;2;0;100;249m-[38;2;1;43;105m. [38;2;0;58;146m:[38;2;0;68;170m:[38;2;0;68;170m:[38;2;0;68;170m:[38;2;0;68;170m:[38;2;0;66;165m:[38;2;0;50;124m.[38;2;0;30;74m. [38;2;93;93;93m-[38;2;136;136;136m+   [0m
    [38;2;38;38;38m.[38;2;102;102;102m-[38;2;109;109;109m=[38;2;99;99;99m-[38;2;49;51;55m.[38;2;64;73;88m:[38;2;118;136;161m+[38;2;171;195;230m#[38;2;193;218;255m%[38;2;195;219;255m%[38;2;197;219;253m%[38;2;185;205;235m#[38;2;168;185;211m#[38;2;151;165;187m*[38;2;133;144;162m+[38;2;37;40;45m. [38;2;0;38;94m.[38;2;3;34;81m.[38;2;9;36;76m.[38;2;14;37;71m.[38;2;17;36;63m. [38;2;0;55;136m.[38;2;0;64;159m:[38;2;0;45;111m. [38;2;34;40;48m.[38;2;98;98;98m-[38;2;109;109;109m=[38;2;99;99;99m-[38;2;38;38;38m.    [0m
        [38;2;80;80;80m-[38;2;105;105;105m=[38;2;105;105;105m=[38;2;74;75;75m:[38;2;44;49;56m.[38;2;28;31;36m. [38;2;22;42;71m.[38;2;26;52;91m.[38;2;31;63;110m:[38;2;36;73;129m:[38;2;40;83;146m-[38;2;46;93;165m-[38;2;51;104;184m-[38;2;55;112;199m=[38;2;55;113;200m=[38;2;55;111;197m=[38;2;45;89;157m-[38;2;17;31;52m. [38;2;71;73;77m:[38;2;105;105;105m=[38;2;105;105;105m=[38;2;80;80;80m-        [0m
           [38;2;45;45;45m.[38;2;103;103;103m=[38;2;109;109;109m=[38;2;94;94;94m-[38;2;36;41;49m.[38;2;22;44;76m.[38;2;38;76;135m:[38;2;52;107;189m-[38;2;55;113;200m=[38;2;55;113;200m=[38;2;52;107;189m-[38;2;38;77;135m:[38;2;22;44;77m.[38;2;37;42;50m.[38;2;96;96;96m-[38;2;109;109;109m=[38;2;104;104;104m=[38;2;45;45;45m.           [0m
               [38;2;86;86;86m-[38;2;106;106;106m=[38;2;104;104;104m=[38;2;65;67;71m:[38;2;22;39;65m.[38;2;21;38;62m.[38;2;64;67;70m:[38;2;104;104;104m=[38;2;105;105;105m=[38;2;83;83;83m-               [0m
                  [38;2;55;55;55m:[38;2;98;98;98m-[38;2;98;98;98m-[38;2;55;55;55m:                  [0m
